1,2,5,0,7,8,8,0,3,4,4,4,4,4,4,
1,2,5,0,7,8,8,0,9,10,10,
1,2,5,0,7,8,8,0,11,12,12,12,12,12,12,
1,2,5,0,7,8,8,0,13,14,14,14,14,14,14,14,14,
1,2,5,0,7,8,8,0,15,16,16,16,16,16,16,
1,2,5,0,7,8,8,0,17,18,18,
1,2,5,0,7,8,8,0,19,20,20,20,20,20,20,20,
1,2,5,0,7,8,8,0,3,4,4,4,4,4,4,
1,2,5,0,7,8,8,0,9,10,10,
1,2,5,0,7,8,8,0,11,12,12,12,12,12,12,
1,2,5,0,7,8,8,0,13,14,14,14,14,14,14,14,14,
1,2,5,0,7,8,8,0,15,16,16,16,16,16,16,
1,2,5,0,7,8,8,0,17,18,18,
1,2,5,0,7,8,8,0,19,20,20,20,20,20,20,20,
1,2,5,0,7,8,8,0,3,4,4,4,4,4,4,
1,2,5,0,7,8,8,0,9,10,10,
1,2,5,0,7,8,8,0,11,12,12,12,12,12,12,
1,2,5,0,7,8,8,0,13,14,14,14,14,14,14,14,14,
1,2,5,0,7,8,8,0,15,16,16,16,16,16,16,
1,2,5,0,7,8,8,0,17,18,18,
1,2,5,0,7,8,8,0,19,20,20,20,20,20,20,20,
1,2,5,0,7,8,8,0,3,4,4,4,4,4,4,
1,2,5,0,7,8,8,0,9,10,10,
1,2,5,0,7,8,8,0,11,12,12,12,12,12,12,
1,2,5,0,7,8,8,0,13,14,14,14,14,14,14,14,14,
1,2,5,0,7,8,8,0,15,16,16,16,16,16,16,
1,2,5,0,7,8,8,0,17,18,18,
1,2,5,0,7,8,8,0,19,20,20,20,20,20,20,20,
1,2,5,0,7,8,8,0,3,4,4,4,4,4,4,
1,2,5,0,7,8,8,0,9,10,10,
1,2,5,0,7,8,8,0,11,12,12,12,12,12,12,
1,2,5,0,7,8,8,0,13,14,14,14,14,14,14,14,14,
1,2,5,0,7,8,8,0,15,16,16,16,16,16,16,
1,2,5,0,7,8,8,0,17,18,18,
1,2,5,0,7,8,8,0,19,20,20,20,20,20,20,20,
1,2,5,0,7,8,8,0,3,4,4,4,4,4,4,
1,2,5,0,7,8,8,0,9,10,10,
1,2,5,0,7,8,8,0,11,12,12,12,12,12,12,
1,2,5,0,7,8,8,0,13,14,14,14,14,14,14,14,14,
1,2,5,0,7,8,8,0,15,16,16,16,16,16,16,
1,2,5,0,7,8,8,0,17,18,18,
1,2,5,0,7,8,8,0,19,20,20,20,20,20,20,20,
1,2,5,0,7,8,8,0,3,4,4,4,4,4,4,
1,2,5,0,7,8,8,0,9,10,10,
1,2,5,0,7,8,8,0,11,12,12,12,12,12,12,
1,2,5,0,7,8,8,0,13,14,14,14,14,14,14,14,14,
1,2,5,0,7,8,8,0,15,16,16,16,16,16,16,
1,2,5,0,7,8,8,0,17,18,18,
1,2,5,0,7,8,8,0,19,20,20,20,20,20,20,20,
1,2,5,0,7,8,8,0,3,4,4,4,4,4,4,
1,2,5,0,7,8,8,0,9,10,10,
1,2,5,0,7,8,8,0,11,12,12,12,12,12,12,
1,2,5,0,7,8,8,0,13,14,14,14,14,14,14,14,14,
1,2,5,0,7,8,8,0,15,16,16,16,16,16,16,
1,2,5,0,7,8,8,0,17,18,18,
1,2,5,0,7,8,8,0,19,20,20,20,20,20,20,20,
1,2,5,0,7,8,8,0,3,4,4,4,4,4,4,
1,2,5,0,7,8,8,0,9,10,10,
1,2,5,0,7,8,8,0,11,12,12,12,12,12,12,
1,2,5,0,7,8,8,0,13,14,14,14,14,14,14,14,14,
1,2,5,0,7,8,8,0,15,16,16,16,16,16,16,
1,2,5,0,7,8,8,0,17,18,18,
1,2,5,0,7,8,8,0,19,20,20,20,20,20,20,20,
1,2,5,0,7,8,8,0,3,4,4,4,4,4,4,
1,2,5,0,7,8,8,0,9,10,10,
1,2,5,0,7,8,8,0,11,12,12,12,12,12,12,
1,2,5,0,7,8,8,0,13,14,14,14,14,14,14,14,14,
1,2,5,0,7,8,8,0,15,16,16,16,16,16,16,
1,2,5,0,7,8,8,0,17,18,18,
1,2,5,0,7,8,8,0,19,20,20,20,20,20,20,20,
1,2,5,0,7,8,0,3,4,4,4,4,4,4,
1,2,5,0,7,8,0,9,10,10,
1,2,5,0,7,8,0,11,12,12,12,12,12,12,
1,2,5,0,7,8,0,13,14,14,14,14,14,14,14,14,
1,2,5,0,7,8,0,15,16,16,16,16,16,16,
1,2,5,0,7,8,0,17,18,18,
1,2,5,0,7,8,0,19,20,20,20,20,20,20,20,
1,2,5,0,7,8,8,0,3,4,4,4,4,4,4,
1,2,5,0,7,8,8,0,9,10,10,
1,2,5,0,7,8,8,0,11,12,12,12,12,12,12,
1,2,5,0,7,8,8,0,13,14,14,14,14,14,14,14,14,
1,2,5,0,7,8,8,0,15,16,16,16,16,16,16,
1,2,5,0,7,8,8,0,17,18,18,
1,2,5,0,7,8,8,0,19,20,20,20,20,20,20,20,
1,2,5,0,7,8,8,0,3,4,4,4,4,4,4,
1,2,5,0,7,8,8,0,9,10,10,
1,2,5,0,7,8,8,0,11,12,12,12,12,12,12,
1,2,5,0,7,8,8,0,13,14,14,14,14,14,14,14,14,
1,2,5,0,7,8,8,0,15,16,16,16,16,16,16,
1,2,5,0,7,8,8,0,17,18,18,
1,2,5,0,7,8,8,0,19,20,20,20,20,20,20,20,
1,2,5,0,7,8,8,0,3,4,4,4,4,4,4,
1,2,5,0,7,8,8,0,9,10,10,
1,2,5,0,7,8,8,0,11,12,12,12,12,12,12,
1,2,5,0,7,8,8,0,13,14,14,14,14,14,14,14,14,
1,2,5,0,7,8,8,0,15,16,16,16,16,16,16,
1,2,5,0,7,8,8,0,17,18,18,
1,2,5,0,7,8,8,0,19,20,20,20,20,20,20,20,
1,2,5,0,7,8,8,0,3,4,4,4,4,4,4,
1,2,5,0,7,8,8,0,9,10,10,
1,2,5,0,7,8,8,0,11,12,12,12,12,12,12,
1,2,5,0,7,8,8,0,13,14,14,14,14,14,14,14,14,
1,2,5,0,7,8,8,0,15,16,16,16,16,16,16,
1,2,5,0,7,8,8,0,17,18,18,
1,2,5,0,7,8,8,0,19,20,20,20,20,20,20,20,
1,2,5,0,7,8,0,3,4,4,4,4,4,4,
1,2,5,0,7,8,0,9,10,10,
1,2,5,0,7,8,0,11,12,12,12,12,12,12,
1,2,5,0,7,8,0,13,14,14,14,14,14,14,14,14,
1,2,5,0,7,8,0,15,16,16,16,16,16,16,
1,2,5,0,7,8,0,17,18,18,
1,2,5,0,7,8,0,19,20,20,20,20,20,20,20,
1,2,5,0,7,8,0,3,4,4,4,4,4,4,
1,2,5,0,7,8,0,9,10,10,
1,2,5,0,7,8,0,11,12,12,12,12,12,12,
1,2,5,0,7,8,0,13,14,14,14,14,14,14,14,14,
1,2,5,0,7,8,0,15,16,16,16,16,16,16,
1,2,5,0,7,8,0,17,18,18,
1,2,5,0,7,8,0,19,20,20,20,20,20,20,20,
1,2,5,0,7,8,0,3,4,4,4,4,4,4,
1,2,5,0,7,8,0,9,10,10,
1,2,5,0,7,8,0,11,12,12,12,12,12,12,
1,2,5,0,7,8,0,13,14,14,14,14,14,14,14,14,
1,2,5,0,7,8,0,15,16,16,16,16,16,16,
1,2,5,0,7,8,0,17,18,18,
1,2,5,0,7,8,0,19,20,20,20,20,20,20,20,
1,2,5,0,7,8,0,3,4,4,4,4,4,4,
1,2,5,0,7,8,0,9,10,10,
1,2,5,0,7,8,0,11,12,12,12,12,12,12,
1,2,5,0,7,8,0,13,14,14,14,14,14,14,14,14,
1,2,5,0,7,8,0,15,16,16,16,16,16,16,
1,2,5,0,7,8,0,17,18,18,
1,2,5,0,7,8,0,19,20,20,20,20,20,20,20,
1,2,5,0,7,8,0,3,4,4,4,4,4,4,
1,2,5,0,7,8,0,9,10,10,
1,2,5,0,7,8,0,11,12,12,12,12,12,12,
1,2,5,0,7,8,0,13,14,14,14,14,14,14,14,14,
1,2,5,0,7,8,0,15,16,16,16,16,16,16,
1,2,5,0,7,8,0,17,18,18,
1,2,5,0,7,8,0,19,20,20,20,20,20,20,20,
1,2,5,0,7,8,0,3,4,4,4,4,4,4,
1,2,5,0,7,8,0,9,10,10,
1,2,5,0,7,8,0,11,12,12,12,12,12,12,
1,2,5,0,7,8,0,13,14,14,14,14,14,14,14,14,
1,2,5,0,7,8,0,15,16,16,16,16,16,16,
1,2,5,0,7,8,0,17,18,18,
1,2,5,0,7,8,0,19,20,20,20,20,20,20,20,
1,2,5,0,7,8,0,3,4,4,4,4,4,4,
1,2,5,0,7,8,0,9,10,10,
1,2,5,0,7,8,0,11,12,12,12,12,12,12,
1,2,5,0,7,8,0,13,14,14,14,14,14,14,14,14,
1,2,5,0,7,8,0,15,16,16,16,16,16,16,
1,2,5,0,7,8,0,17,18,18,
1,2,5,0,7,8,0,19,20,20,20,20,20,20,20,
1,2,5,0,7,8,0,3,4,4,4,4,4,4,
1,2,5,0,7,8,0,9,10,10,
1,2,5,0,7,8,0,11,12,12,12,12,12,12,
1,2,5,0,7,8,0,13,14,14,14,14,14,14,14,14,
1,2,5,0,7,8,0,15,16,16,16,16,16,16,
1,2,5,0,7,8,0,17,18,18,
1,2,5,0,7,8,0,19,20,20,20,20,20,20,20,
1,2,5,0,7,8,8,0,3,4,4,4,4,4,4,
1,2,5,0,7,8,8,0,9,10,10,
1,2,5,0,7,8,8,0,11,12,12,12,12,12,12,
1,2,5,0,7,8,8,0,13,14,14,14,14,14,14,14,14,
1,2,5,0,7,8,8,0,15,16,16,16,16,16,16,
1,2,5,0,7,8,8,0,17,18,18,
1,2,5,0,7,8,8,0,19,20,20,20,20,20,20,20,
1,2,5,0,7,8,8,0,3,4,4,4,4,4,4,
1,2,5,0,7,8,8,0,9,10,10,
1,2,5,0,7,8,8,0,11,12,12,12,12,12,12,
1,2,5,0,7,8,8,0,13,14,14,14,14,14,14,14,14,
1,2,5,0,7,8,8,0,15,16,16,16,16,16,16,
1,2,5,0,7,8,8,0,17,18,18,
1,2,5,0,7,8,8,0,19,20,20,20,20,20,20,20,
1,2,5,0,7,8,8,0,3,4,4,4,4,4,4,
1,2,5,0,7,8,8,0,9,10,10,
1,2,5,0,7,8,8,0,11,12,12,12,12,12,12,
1,2,5,0,7,8,8,0,13,14,14,14,14,14,14,14,14,
1,2,5,0,7,8,8,0,15,16,16,16,16,16,16,
1,2,5,0,7,8,8,0,17,18,18,
1,2,5,0,7,8,8,0,19,20,20,20,20,20,20,20,
1,2,5,0,7,8,8,0,3,4,4,4,4,4,4,
1,2,5,0,7,8,8,0,9,10,10,
1,2,5,0,7,8,8,0,11,12,12,12,12,12,12,
1,2,5,0,7,8,8,0,13,14,14,14,14,14,14,14,14,
1,2,5,0,7,8,8,0,15,16,16,16,16,16,16,
1,2,5,0,7,8,8,0,17,18,18,
1,2,5,0,7,8,8,0,19,20,20,20,20,20,20,20,
1,2,5,0,7,8,8,0,3,4,4,4,4,4,4,
1,2,5,0,7,8,8,0,9,10,10,
1,2,5,0,7,8,8,0,11,12,12,12,12,12,12,
1,2,5,0,7,8,8,0,13,14,14,14,14,14,14,14,14,
1,2,5,0,7,8,8,0,15,16,16,16,16,16,16,
1,2,5,0,7,8,8,0,17,18,18,
1,2,5,0,7,8,8,0,19,20,20,20,20,20,20,20,
1,2,5,0,7,8,8,0,3,4,4,4,4,4,4,
1,2,5,0,7,8,8,0,9,10,10,
1,2,5,0,7,8,8,0,11,12,12,12,12,12,12,
1,2,5,0,7,8,8,0,13,14,14,14,14,14,14,14,14,
1,2,5,0,7,8,8,0,15,16,16,16,16,16,16,
1,2,5,0,7,8,8,0,17,18,18,
1,2,5,0,7,8,8,0,19,20,20,20,20,20,20,20,
1,2,5,0,7,8,8,0,3,4,4,4,4,4,4,
1,2,5,0,7,8,8,0,9,10,10,
1,2,5,0,7,8,8,0,11,12,12,12,12,12,12,
1,2,5,0,7,8,8,0,13,14,14,14,14,14,14,14,14,
1,2,5,0,7,8,8,0,15,16,16,16,16,16,16,
1,2,5,0,7,8,8,0,17,18,18,
1,2,5,0,7,8,8,0,19,20,20,20,20,20,20,20,
1,2,5,0,7,8,8,0,3,4,4,4,4,4,4,
1,2,5,0,7,8,8,0,9,10,10,
1,2,5,0,7,8,8,0,11,12,12,12,12,12,12,
1,2,5,0,7,8,8,0,13,14,14,14,14,14,14,14,14,
1,2,5,0,7,8,8,0,15,16,16,16,16,16,16,
1,2,5,0,7,8,8,0,17,18,18,
1,2,5,0,7,8,8,0,19,20,20,20,20,20,20,20,
1,2,5,0,7,8,8,0,3,4,4,4,4,4,4,
1,2,5,0,7,8,8,0,9,10,10,
1,2,5,0,7,8,8,0,11,12,12,12,12,12,12,
1,2,5,0,7,8,8,0,13,14,14,14,14,14,14,14,14,
1,2,5,0,7,8,8,0,15,16,16,16,16,16,16,
1,2,5,0,7,8,8,0,17,18,18,
1,2,5,0,7,8,8,0,19,20,20,20,20,20,20,20,
1,2,5,0,7,8,8,0,3,4,4,4,4,4,4,
1,2,5,0,7,8,8,0,9,10,10,
1,2,5,0,7,8,8,0,11,12,12,12,12,12,12,
1,2,5,0,7,8,8,0,13,14,14,14,14,14,14,14,14,
1,2,5,0,7,8,8,0,15,16,16,16,16,16,16,
1,2,5,0,7,8,8,0,17,18,18,
1,2,5,0,7,8,8,0,19,20,20,20,20,20,20,20,
1,2,5,0,7,8,0,3,4,4,4,4,4,4,
1,2,5,0,7,8,0,9,10,10,
1,2,5,0,7,8,0,11,12,12,12,12,12,12,
1,2,5,0,7,8,0,13,14,14,14,14,14,14,14,14,
1,2,5,0,7,8,0,15,16,16,16,16,16,16,
1,2,5,0,7,8,0,17,18,18,
1,2,5,0,7,8,0,19,20,20,20,20,20,20,20,
1,2,5,0,7,8,8,0,3,4,4,4,4,4,4,
1,2,5,0,7,8,8,0,9,10,10,
1,2,5,0,7,8,8,0,11,12,12,12,12,12,12,
1,2,5,0,7,8,8,0,13,14,14,14,14,14,14,14,14,
1,2,5,0,7,8,8,0,15,16,16,16,16,16,16,
1,2,5,0,7,8,8,0,17,18,18,
1,2,5,0,7,8,8,0,19,20,20,20,20,20,20,20,
1,2,5,0,7,8,8,0,3,4,4,4,4,4,4,
1,2,5,0,7,8,8,0,9,10,10,
1,2,5,0,7,8,8,0,11,12,12,12,12,12,12,
1,2,5,0,7,8,8,0,13,14,14,14,14,14,14,14,14,
1,2,5,0,7,8,8,0,15,16,16,16,16,16,16,
1,2,5,0,7,8,8,0,17,18,18,
1,2,5,0,7,8,8,0,19,20,20,20,20,20,20,20,
1,2,5,0,7,8,8,0,3,4,4,4,4,4,4,
1,2,5,0,7,8,8,0,9,10,10,
1,2,5,0,7,8,8,0,11,12,12,12,12,12,12,
1,2,5,0,7,8,8,0,13,14,14,14,14,14,14,14,14,
1,2,5,0,7,8,8,0,15,16,16,16,16,16,16,
1,2,5,0,7,8,8,0,17,18,18,
1,2,5,0,7,8,8,0,19,20,20,20,20,20,20,20,
1,2,5,0,7,8,8,0,3,4,4,4,4,4,4,
1,2,5,0,7,8,8,0,9,10,10,
1,2,5,0,7,8,8,0,11,12,12,12,12,12,12,
1,2,5,0,7,8,8,0,13,14,14,14,14,14,14,14,14,
1,2,5,0,7,8,8,0,15,16,16,16,16,16,16,
1,2,5,0,7,8,8,0,17,18,18,
1,2,5,0,7,8,8,0,19,20,20,20,20,20,20,20,
1,2,5,0,7,8,8,0,3,4,4,4,4,4,4,
1,2,5,0,7,8,8,0,9,10,10,
1,2,5,0,7,8,8,0,11,12,12,12,12,12,12,
1,2,5,0,7,8,8,0,13,14,14,14,14,14,14,14,14,
1,2,5,0,7,8,8,0,15,16,16,16,16,16,16,
1,2,5,0,7,8,8,0,17,18,18,
1,2,5,0,7,8,8,0,19,20,20,20,20,20,20,20,
1,2,5,0,7,8,8,0,3,4,4,4,4,4,4,
1,2,5,0,7,8,8,0,9,10,10,
1,2,5,0,7,8,8,0,11,12,12,12,12,12,12,
1,2,5,0,7,8,8,0,13,14,14,14,14,14,14,14,14,
1,2,5,0,7,8,8,0,15,16,16,16,16,16,16,
1,2,5,0,7,8,8,0,17,18,18,
1,2,5,0,7,8,8,0,19,20,20,20,20,20,20,20,
1,2,5,0,7,8,8,0,3,4,4,4,4,4,4,
1,2,5,0,7,8,8,0,9,10,10,
1,2,5,0,7,8,8,0,11,12,12,12,12,12,12,
1,2,5,0,7,8,8,0,13,14,14,14,14,14,14,14,14,
1,2,5,0,7,8,8,0,15,16,16,16,16,16,16,
1,2,5,0,7,8,8,0,17,18,18,
1,2,5,0,7,8,8,0,19,20,20,20,20,20,20,20,
1,2,5,0,7,8,8,0,3,4,4,4,4,4,4,
1,2,5,0,7,8,8,0,9,10,10,
1,2,5,0,7,8,8,0,11,12,12,12,12,12,12,
1,2,5,0,7,8,8,0,13,14,14,14,14,14,14,14,14,
1,2,5,0,7,8,8,0,15,16,16,16,16,16,16,
1,2,5,0,7,8,8,0,17,18,18,
1,2,5,0,7,8,8,0,19,20,20,20,20,20,20,20,
1,2,5,0,7,8,8,0,3,4,4,4,4,4,4,
1,2,5,0,7,8,8,0,9,10,10,
1,2,5,0,7,8,8,0,11,12,12,12,12,12,12,
1,2,5,0,7,8,8,0,13,14,14,14,14,14,14,14,14,
1,2,5,0,7,8,8,0,15,16,16,16,16,16,16,
1,2,5,0,7,8,8,0,17,18,18,
1,2,5,0,7,8,8,0,19,20,20,20,20,20,20,20,
1,2,5,0,7,8,8,0,3,4,4,4,4,4,4,
1,2,5,0,7,8,8,0,9,10,10,
1,2,5,0,7,8,8,0,11,12,12,12,12,12,12,
1,2,5,0,7,8,8,0,13,14,14,14,14,14,14,14,14,
1,2,5,0,7,8,8,0,15,16,16,16,16,16,16,
1,2,5,0,7,8,8,0,17,18,18,
1,2,5,0,7,8,8,0,19,20,20,20,20,20,20,20,
1,2,5,0,7,8,0,3,4,4,4,4,4,4,
1,2,5,0,7,8,0,9,10,10,
1,2,5,0,7,8,0,11,12,12,12,12,12,12,
1,2,5,0,7,8,0,13,14,14,14,14,14,14,14,14,
1,2,5,0,7,8,0,15,16,16,16,16,16,16,
1,2,5,0,7,8,0,17,18,18,
1,2,5,0,7,8,0,19,20,20,20,20,20,20,20,
1,2,5,0,7,8,8,0,3,4,4,4,4,4,4,
1,2,5,0,7,8,8,0,9,10,10,
1,2,5,0,7,8,8,0,11,12,12,12,12,12,12,
1,2,5,0,7,8,8,0,13,14,14,14,14,14,14,14,14,
1,2,5,0,7,8,8,0,15,16,16,16,16,16,16,
1,2,5,0,7,8,8,0,17,18,18,
1,2,5,0,7,8,8,0,19,20,20,20,20,20,20,20,
1,2,5,0,7,8,8,0,3,4,4,4,4,4,4,
1,2,5,0,7,8,8,0,9,10,10,
1,2,5,0,7,8,8,0,11,12,12,12,12,12,12,
1,2,5,0,7,8,8,0,13,14,14,14,14,14,14,14,14,
1,2,5,0,7,8,8,0,15,16,16,16,16,16,16,
1,2,5,0,7,8,8,0,17,18,18,
1,2,5,0,7,8,8,0,19,20,20,20,20,20,20,20,
1,2,5,0,7,8,8,0,3,4,4,4,4,4,4,
1,2,5,0,7,8,8,0,9,10,10,
1,2,5,0,7,8,8,0,11,12,12,12,12,12,12,
1,2,5,0,7,8,8,0,13,14,14,14,14,14,14,14,14,
1,2,5,0,7,8,8,0,15,16,16,16,16,16,16,
1,2,5,0,7,8,8,0,17,18,18,
1,2,5,0,7,8,8,0,19,20,20,20,20,20,20,20,
1,2,5,0,7,8,8,0,3,4,4,4,4,4,4,
1,2,5,0,7,8,8,0,9,10,10,
1,2,5,0,7,8,8,0,11,12,12,12,12,12,12,
1,2,5,0,7,8,8,0,13,14,14,14,14,14,14,14,14,
1,2,5,0,7,8,8,0,15,16,16,16,16,16,16,
1,2,5,0,7,8,8,0,17,18,18,
1,2,5,0,7,8,8,0,19,20,20,20,20,20,20,20,
1,2,5,0,7,8,8,0,3,4,4,4,4,4,4,
1,2,5,0,7,8,8,0,9,10,10,
1,2,5,0,7,8,8,0,11,12,12,12,12,12,12,
1,2,5,0,7,8,8,0,13,14,14,14,14,14,14,14,14,
1,2,5,0,7,8,8,0,15,16,16,16,16,16,16,
1,2,5,0,7,8,8,0,17,18,18,
1,2,5,0,7,8,8,0,19,20,20,20,20,20,20,20,
1,2,5,0,7,8,8,0,3,4,4,4,4,4,4,
1,2,5,0,7,8,8,0,9,10,10,
1,2,5,0,7,8,8,0,11,12,12,12,12,12,12,
1,2,5,0,7,8,8,0,13,14,14,14,14,14,14,14,14,
1,2,5,0,7,8,8,0,15,16,16,16,16,16,16,
1,2,5,0,7,8,8,0,17,18,18,
1,2,5,0,7,8,8,0,19,20,20,20,20,20,20,20,
1,2,5,0,7,8,8,0,3,4,4,4,4,4,4,
1,2,5,0,7,8,8,0,9,10,10,
1,2,5,0,7,8,8,0,11,12,12,12,12,12,12,
1,2,5,0,7,8,8,0,13,14,14,14,14,14,14,14,14,
1,2,5,0,7,8,8,0,15,16,16,16,16,16,16,
1,2,5,0,7,8,8,0,17,18,18,
1,2,5,0,7,8,8,0,19,20,20,20,20,20,20,20,
1,2,5,0,7,8,8,0,3,4,4,4,4,4,4,
1,2,5,0,7,8,8,0,9,10,10,
1,2,5,0,7,8,8,0,11,12,12,12,12,12,12,
1,2,5,0,7,8,8,0,13,14,14,14,14,14,14,14,14,
1,2,5,0,7,8,8,0,15,16,16,16,16,16,16,
1,2,5,0,7,8,8,0,17,18,18,
1,2,5,0,7,8,8,0,19,20,20,20,20,20,20,20,
1,2,5,0,7,8,8,0,3,4,4,4,4,4,4,
1,2,5,0,7,8,8,0,9,10,10,
1,2,5,0,7,8,8,0,11,12,12,12,12,12,12,
1,2,5,0,7,8,8,0,13,14,14,14,14,14,14,14,14,
1,2,5,0,7,8,8,0,15,16,16,16,16,16,16,
1,2,5,0,7,8,8,0,17,18,18,
1,2,5,0,7,8,8,0,19,20,20,20,20,20,20,20,
1,2,5,0,7,8,8,0,3,4,4,4,4,4,4,
1,2,5,0,7,8,8,0,9,10,10,
1,2,5,0,7,8,8,0,11,12,12,12,12,12,12,
1,2,5,0,7,8,8,0,13,14,14,14,14,14,14,14,14,
1,2,5,0,7,8,8,0,15,16,16,16,16,16,16,
1,2,5,0,7,8,8,0,17,18,18,
1,2,5,0,7,8,8,0,19,20,20,20,20,20,20,20,
1,2,5,0,7,8,0,3,4,4,4,4,4,4,
1,2,5,0,7,8,0,9,10,10,
1,2,5,0,7,8,0,11,12,12,12,12,12,12,
1,2,5,0,7,8,0,13,14,14,14,14,14,14,14,14,
1,2,5,0,7,8,0,15,16,16,16,16,16,16,
1,2,5,0,7,8,0,17,18,18,
1,2,5,0,7,8,0,19,20,20,20,20,20,20,20,
1,2,5,0,7,8,0,3,4,4,4,4,4,4,
1,2,5,0,7,8,0,9,10,10,
1,2,5,0,7,8,0,11,12,12,12,12,12,12,
1,2,5,0,7,8,0,13,14,14,14,14,14,14,14,14,
1,2,5,0,7,8,0,15,16,16,16,16,16,16,
1,2,5,0,7,8,0,17,18,18,
1,2,5,0,7,8,0,19,20,20,20,20,20,20,20,
1,2,5,0,7,8,0,3,4,4,4,4,4,4,
1,2,5,0,7,8,0,9,10,10,
1,2,5,0,7,8,0,11,12,12,12,12,12,12,
1,2,5,0,7,8,0,13,14,14,14,14,14,14,14,14,
1,2,5,0,7,8,0,15,16,16,16,16,16,16,
1,2,5,0,7,8,0,17,18,18,
1,2,5,0,7,8,0,19,20,20,20,20,20,20,20,
1,2,5,0,7,8,0,3,4,4,4,4,4,4,
1,2,5,0,7,8,0,9,10,10,
1,2,5,0,7,8,0,11,12,12,12,12,12,12,
1,2,5,0,7,8,0,13,14,14,14,14,14,14,14,14,
1,2,5,0,7,8,0,15,16,16,16,16,16,16,
1,2,5,0,7,8,0,17,18,18,
1,2,5,0,7,8,0,19,20,20,20,20,20,20,20,
1,2,5,0,7,8,0,3,4,4,4,4,4,4,
1,2,5,0,7,8,0,9,10,10,
1,2,5,0,7,8,0,11,12,12,12,12,12,12,
1,2,5,0,7,8,0,13,14,14,14,14,14,14,14,14,
1,2,5,0,7,8,0,15,16,16,16,16,16,16,
1,2,5,0,7,8,0,17,18,18,
1,2,5,0,7,8,0,19,20,20,20,20,20,20,20,
1,2,5,0,7,8,0,3,4,4,4,4,4,4,
1,2,5,0,7,8,0,9,10,10,
1,2,5,0,7,8,0,11,12,12,12,12,12,12,
1,2,5,0,7,8,0,13,14,14,14,14,14,14,14,14,
1,2,5,0,7,8,0,15,16,16,16,16,16,16,
1,2,5,0,7,8,0,17,18,18,
1,2,5,0,7,8,0,19,20,20,20,20,20,20,20,
1,2,5,0,7,8,0,3,4,4,4,4,4,4,
1,2,5,0,7,8,0,9,10,10,
1,2,5,0,7,8,0,11,12,12,12,12,12,12,
1,2,5,0,7,8,0,13,14,14,14,14,14,14,14,14,
1,2,5,0,7,8,0,15,16,16,16,16,16,16,
1,2,5,0,7,8,0,17,18,18,
1,2,5,0,7,8,0,19,20,20,20,20,20,20,20,
1,2,5,0,7,8,8,0,3,4,4,4,4,4,4,
1,2,5,0,7,8,8,0,9,10,10,
1,2,5,0,7,8,8,0,11,12,12,12,12,12,12,
1,2,5,0,7,8,8,0,13,14,14,14,14,14,14,14,14,
1,2,5,0,7,8,8,0,15,16,16,16,16,16,16,
1,2,5,0,7,8,8,0,17,18,18,
1,2,5,0,7,8,8,0,19,20,20,20,20,20,20,20,
1,2,5,0,7,8,8,0,3,4,4,4,4,4,4,
1,2,5,0,7,8,8,0,9,10,10,
1,2,5,0,7,8,8,0,11,12,12,12,12,12,12,
1,2,5,0,7,8,8,0,13,14,14,14,14,14,14,14,14,
1,2,5,0,7,8,8,0,15,16,16,16,16,16,16,
1,2,5,0,7,8,8,0,17,18,18,
1,2,5,0,7,8,8,0,19,20,20,20,20,20,20,20,
1,2,5,0,7,8,8,0,3,4,4,4,4,4,4,
1,2,5,0,7,8,8,0,9,10,10,
1,2,5,0,7,8,8,0,11,12,12,12,12,12,12,
1,2,5,0,7,8,8,0,13,14,14,14,14,14,14,14,14,
1,2,5,0,7,8,8,0,15,16,16,16,16,16,16,
1,2,5,0,7,8,8,0,17,18,18,
1,2,5,0,7,8,8,0,19,20,20,20,20,20,20,20,
1,2,5,0,7,8,8,0,3,4,4,4,4,4,4,
1,2,5,0,7,8,8,0,9,10,10,
1,2,5,0,7,8,8,0,11,12,12,12,12,12,12,
1,2,5,0,7,8,8,0,13,14,14,14,14,14,14,14,14,
1,2,5,0,7,8,8,0,15,16,16,16,16,16,16,
1,2,5,0,7,8,8,0,17,18,18,
1,2,5,0,7,8,8,0,19,20,20,20,20,20,20,20,
1,2,5,0,7,8,8,0,3,4,4,4,4,4,4,
1,2,5,0,7,8,8,0,9,10,10,
1,2,5,0,7,8,8,0,11,12,12,12,12,12,12,
1,2,5,0,7,8,8,0,13,14,14,14,14,14,14,14,14,
1,2,5,0,7,8,8,0,15,16,16,16,16,16,16,
1,2,5,0,7,8,8,0,17,18,18,
1,2,5,0,7,8,8,0,19,20,20,20,20,20,20,20,
1,2,5,0,7,8,8,0,3,4,4,4,4,4,4,
1,2,5,0,7,8,8,0,9,10,10,
1,2,5,0,7,8,8,0,11,12,12,12,12,12,12,
1,2,5,0,7,8,8,0,13,14,14,14,14,14,14,14,14,
1,2,5,0,7,8,8,0,15,16,16,16,16,16,16,
1,2,5,0,7,8,8,0,17,18,18,
1,2,5,0,7,8,8,0,19,20,20,20,20,20,20,20,
1,2,5,0,7,8,8,0,3,4,4,4,4,4,4,
1,2,5,0,7,8,8,0,9,10,10,
1,2,5,0,7,8,8,0,11,12,12,12,12,12,12,
1,2,5,0,7,8,8,0,13,14,14,14,14,14,14,14,14,
1,2,5,0,7,8,8,0,15,16,16,16,16,16,16,
1,2,5,0,7,8,8,0,17,18,18,
1,2,5,0,7,8,8,0,19,20,20,20,20,20,20,20,
1,2,5,0,7,8,8,0,3,4,4,4,4,4,4,
1,2,5,0,7,8,8,0,9,10,10,
1,2,5,0,7,8,8,0,11,12,12,12,12,12,12,
1,2,5,0,7,8,8,0,13,14,14,14,14,14,14,14,14,
1,2,5,0,7,8,8,0,15,16,16,16,16,16,16,
1,2,5,0,7,8,8,0,17,18,18,
1,2,5,0,7,8,8,0,19,20,20,20,20,20,20,20,
1,2,5,0,7,8,8,0,3,4,4,4,4,4,4,
1,2,5,0,7,8,8,0,9,10,10,
1,2,5,0,7,8,8,0,11,12,12,12,12,12,12,
1,2,5,0,7,8,8,0,13,14,14,14,14,14,14,14,14,
1,2,5,0,7,8,8,0,15,16,16,16,16,16,16,
1,2,5,0,7,8,8,0,17,18,18,
1,2,5,0,7,8,8,0,19,20,20,20,20,20,20,20,
1,2,5,0,7,8,8,0,3,4,4,4,4,4,4,
1,2,5,0,7,8,8,0,9,10,10,
1,2,5,0,7,8,8,0,11,12,12,12,12,12,12,
1,2,5,0,7,8,8,0,13,14,14,14,14,14,14,14,14,
1,2,5,0,7,8,8,0,15,16,16,16,16,16,16,
1,2,5,0,7,8,8,0,17,18,18,
1,2,5,0,7,8,8,0,19,20,20,20,20,20,20,20,
1,2,5,0,7,8,0,3,4,4,4,4,4,4,
1,2,5,0,7,8,0,9,10,10,
1,2,5,0,7,8,0,11,12,12,12,12,12,12,
1,2,5,0,7,8,0,13,14,14,14,14,14,14,14,14,
1,2,5,0,7,8,0,15,16,16,16,16,16,16,
1,2,5,0,7,8,0,17,18,18,
1,2,5,0,7,8,0,19,20,20,20,20,20,20,20,
1,2,5,0,7,8,0,3,4,4,4,4,4,4,
1,2,5,0,7,8,0,9,10,10,
1,2,5,0,7,8,0,11,12,12,12,12,12,12,
1,2,5,0,7,8,0,13,14,14,14,14,14,14,14,14,
1,2,5,0,7,8,0,15,16,16,16,16,16,16,
1,2,5,0,7,8,0,17,18,18,
1,2,5,0,7,8,0,19,20,20,20,20,20,20,20,
1,2,5,0,7,8,0,3,4,4,4,4,4,4,
1,2,5,0,7,8,0,9,10,10,
1,2,5,0,7,8,0,11,12,12,12,12,12,12,
1,2,5,0,7,8,0,13,14,14,14,14,14,14,14,14,
1,2,5,0,7,8,0,15,16,16,16,16,16,16,
1,2,5,0,7,8,0,17,18,18,
1,2,5,0,7,8,0,19,20,20,20,20,20,20,20,
1,2,5,0,7,8,0,3,4,4,4,4,4,4,
1,2,5,0,7,8,0,9,10,10,
1,2,5,0,7,8,0,11,12,12,12,12,12,12,
1,2,5,0,7,8,0,13,14,14,14,14,14,14,14,14,
1,2,5,0,7,8,0,15,16,16,16,16,16,16,
1,2,5,0,7,8,0,17,18,18,
1,2,5,0,7,8,0,19,20,20,20,20,20,20,20,
1,2,5,0,7,8,0,3,4,4,4,4,4,4,
1,2,5,0,7,8,0,9,10,10,
1,2,5,0,7,8,0,11,12,12,12,12,12,12,
1,2,5,0,7,8,0,13,14,14,14,14,14,14,14,14,
1,2,5,0,7,8,0,15,16,16,16,16,16,16,
1,2,5,0,7,8,0,17,18,18,
1,2,5,0,7,8,0,19,20,20,20,20,20,20,20,
1,2,5,0,7,8,0,3,4,4,4,4,4,4,
1,2,5,0,7,8,0,9,10,10,
1,2,5,0,7,8,0,11,12,12,12,12,12,12,
1,2,5,0,7,8,0,13,14,14,14,14,14,14,14,14,
1,2,5,0,7,8,0,15,16,16,16,16,16,16,
1,2,5,0,7,8,0,17,18,18,
1,2,5,0,7,8,0,19,20,20,20,20,20,20,20,
1,2,5,0,7,8,0,3,4,4,4,4,4,4,
1,2,5,0,7,8,0,9,10,10,
1,2,5,0,7,8,0,11,12,12,12,12,12,12,
1,2,5,0,7,8,0,13,14,14,14,14,14,14,14,14,
1,2,5,0,7,8,0,15,16,16,16,16,16,16,
1,2,5,0,7,8,0,17,18,18,
1,2,5,0,7,8,0,19,20,20,20,20,20,20,20,
1,2,5,0,7,8,0,3,4,4,4,4,4,4,
1,2,5,0,7,8,0,9,10,10,
1,2,5,0,7,8,0,11,12,12,12,12,12,12,
1,2,5,0,7,8,0,13,14,14,14,14,14,14,14,14,
1,2,5,0,7,8,0,15,16,16,16,16,16,16,
1,2,5,0,7,8,0,17,18,18,
1,2,5,0,7,8,0,19,20,20,20,20,20,20,20,
1,2,5,0,7,8,0,3,4,4,4,4,4,4,
1,2,5,0,7,8,0,9,10,10,
1,2,5,0,7,8,0,11,12,12,12,12,12,12,
1,2,5,0,7,8,0,13,14,14,14,14,14,14,14,14,
1,2,5,0,7,8,0,15,16,16,16,16,16,16,
1,2,5,0,7,8,0,17,18,18,
1,2,5,0,7,8,0,19,20,20,20,20,20,20,20,
1,2,5,0,7,8,8,0,3,4,4,4,4,4,4,
1,2,5,0,7,8,8,0,9,10,10,
1,2,5,0,7,8,8,0,11,12,12,12,12,12,12,
1,2,5,0,7,8,8,0,13,14,14,14,14,14,14,14,14,
1,2,5,0,7,8,8,0,15,16,16,16,16,16,16,
1,2,5,0,7,8,8,0,17,18,18,
1,2,5,0,7,8,8,0,19,20,20,20,20,20,20,20,
1,2,5,0,7,8,8,0,3,4,4,4,4,4,4,
1,2,5,0,7,8,8,0,9,10,10,
1,2,5,0,7,8,8,0,11,12,12,12,12,12,12,
1,2,5,0,7,8,8,0,13,14,14,14,14,14,14,14,14,
1,2,5,0,7,8,8,0,15,16,16,16,16,16,16,
1,2,5,0,7,8,8,0,17,18,18,
1,2,5,0,7,8,8,0,19,20,20,20,20,20,20,20,
1,2,5,0,7,8,8,0,3,4,4,4,4,4,4,
1,2,5,0,7,8,8,0,9,10,10,
1,2,5,0,7,8,8,0,11,12,12,12,12,12,12,
1,2,5,0,7,8,8,0,13,14,14,14,14,14,14,14,14,
1,2,5,0,7,8,8,0,15,16,16,16,16,16,16,
1,2,5,0,7,8,8,0,17,18,18,
1,2,5,0,7,8,8,0,19,20,20,20,20,20,20,20,
1,2,5,0,7,8,8,0,3,4,4,4,4,4,4,
1,2,5,0,7,8,8,0,9,10,10,
1,2,5,0,7,8,8,0,11,12,12,12,12,12,12,
1,2,5,0,7,8,8,0,13,14,14,14,14,14,14,14,14,
1,2,5,0,7,8,8,0,15,16,16,16,16,16,16,
1,2,5,0,7,8,8,0,17,18,18,
1,2,5,0,7,8,8,0,19,20,20,20,20,20,20,20,
1,2,5,0,7,8,8,0,3,4,4,4,4,4,4,
1,2,5,0,7,8,8,0,9,10,10,
1,2,5,0,7,8,8,0,11,12,12,12,12,12,12,
1,2,5,0,7,8,8,0,13,14,14,14,14,14,14,14,14,
1,2,5,0,7,8,8,0,15,16,16,16,16,16,16,
1,2,5,0,7,8,8,0,17,18,18,
1,2,5,0,7,8,8,0,19,20,20,20,20,20,20,20,
1,2,5,0,7,8,8,0,3,4,4,4,4,4,4,
1,2,5,0,7,8,8,0,9,10,10,
1,2,5,0,7,8,8,0,11,12,12,12,12,12,12,
1,2,5,0,7,8,8,0,13,14,14,14,14,14,14,14,14,
1,2,5,0,7,8,8,0,15,16,16,16,16,16,16,
1,2,5,0,7,8,8,0,17,18,18,
1,2,5,0,7,8,8,0,19,20,20,20,20,20,20,20,
1,2,5,0,7,8,8,0,3,4,4,4,4,4,4,
1,2,5,0,7,8,8,0,9,10,10,
1,2,5,0,7,8,8,0,11,12,12,12,12,12,12,
1,2,5,0,7,8,8,0,13,14,14,14,14,14,14,14,14,
1,2,5,0,7,8,8,0,15,16,16,16,16,16,16,
1,2,5,0,7,8,8,0,17,18,18,
1,2,5,0,7,8,8,0,19,20,20,20,20,20,20,20,
1,2,5,0,7,8,8,0,3,4,4,4,4,4,4,
1,2,5,0,7,8,8,0,9,10,10,
1,2,5,0,7,8,8,0,11,12,12,12,12,12,12,
1,2,5,0,7,8,8,0,13,14,14,14,14,14,14,14,14,
1,2,5,0,7,8,8,0,15,16,16,16,16,16,16,
1,2,5,0,7,8,8,0,17,18,18,
1,2,5,0,7,8,8,0,19,20,20,20,20,20,20,20,
1,2,5,0,7,8,8,0,3,4,4,4,4,4,4,
1,2,5,0,7,8,8,0,9,10,10,
1,2,5,0,7,8,8,0,11,12,12,12,12,12,12,
1,2,5,0,7,8,8,0,13,14,14,14,14,14,14,14,14,
1,2,5,0,7,8,8,0,15,16,16,16,16,16,16,
1,2,5,0,7,8,8,0,17,18,18,
1,2,5,0,7,8,8,0,19,20,20,20,20,20,20,20,
1,2,5,0,7,8,8,0,3,4,4,4,4,4,4,
1,2,5,0,7,8,8,0,9,10,10,
1,2,5,0,7,8,8,0,11,12,12,12,12,12,12,
1,2,5,0,7,8,8,0,13,14,14,14,14,14,14,14,14,
1,2,5,0,7,8,8,0,15,16,16,16,16,16,16,
1,2,5,0,7,8,8,0,17,18,18,
1,2,5,0,7,8,8,0,19,20,20,20,20,20,20,20,
1,2,5,0,7,8,0,3,4,4,4,4,4,4,
1,2,5,0,7,8,0,9,10,10,
1,2,5,0,7,8,0,11,12,12,12,12,12,12,
1,2,5,0,7,8,0,13,14,14,14,14,14,14,14,14,
1,2,5,0,7,8,0,15,16,16,16,16,16,16,
1,2,5,0,7,8,0,17,18,18,
1,2,5,0,7,8,0,19,20,20,20,20,20,20,20,
1,2,5,0,7,8,8,0,3,4,4,4,4,4,4,
1,2,5,0,7,8,8,0,9,10,10,
1,2,5,0,7,8,8,0,11,12,12,12,12,12,12,
1,2,5,0,7,8,8,0,13,14,14,14,14,14,14,14,14,
1,2,5,0,7,8,8,0,15,16,16,16,16,16,16,
1,2,5,0,7,8,8,0,17,18,18,
1,2,5,0,7,8,8,0,19,20,20,20,20,20,20,20,
1,2,5,0,7,8,8,0,3,4,4,4,4,4,4,
1,2,5,0,7,8,8,0,9,10,10,
1,2,5,0,7,8,8,0,11,12,12,12,12,12,12,
1,2,5,0,7,8,8,0,13,14,14,14,14,14,14,14,14,
1,2,5,0,7,8,8,0,15,16,16,16,16,16,16,
1,2,5,0,7,8,8,0,17,18,18,
1,2,5,0,7,8,8,0,19,20,20,20,20,20,20,20,
1,2,5,0,7,8,8,0,3,4,4,4,4,4,4,
1,2,5,0,7,8,8,0,9,10,10,
1,2,5,0,7,8,8,0,11,12,12,12,12,12,12,
1,2,5,0,7,8,8,0,13,14,14,14,14,14,14,14,14,
1,2,5,0,7,8,8,0,15,16,16,16,16,16,16,
1,2,5,0,7,8,8,0,17,18,18,
1,2,5,0,7,8,8,0,19,20,20,20,20,20,20,20,
1,2,5,0,7,8,8,0,3,4,4,4,4,4,4,
1,2,5,0,7,8,8,0,9,10,10,
1,2,5,0,7,8,8,0,11,12,12,12,12,12,12,
1,2,5,0,7,8,8,0,13,14,14,14,14,14,14,14,14,
1,2,5,0,7,8,8,0,15,16,16,16,16,16,16,
1,2,5,0,7,8,8,0,17,18,18,
1,2,5,0,7,8,8,0,19,20,20,20,20,20,20,20,
1,2,5,0,7,8,8,0,3,4,4,4,4,4,4,
1,2,5,0,7,8,8,0,9,10,10,
1,2,5,0,7,8,8,0,11,12,12,12,12,12,12,
1,2,5,0,7,8,8,0,13,14,14,14,14,14,14,14,14,
1,2,5,0,7,8,8,0,15,16,16,16,16,16,16,
1,2,5,0,7,8,8,0,17,18,18,
1,2,5,0,7,8,8,0,19,20,20,20,20,20,20,20,
1,2,5,0,7,8,8,0,3,4,4,4,4,4,4,
1,2,5,0,7,8,8,0,9,10,10,
1,2,5,0,7,8,8,0,11,12,12,12,12,12,12,
1,2,5,0,7,8,8,0,13,14,14,14,14,14,14,14,14,
1,2,5,0,7,8,8,0,15,16,16,16,16,16,16,
1,2,5,0,7,8,8,0,17,18,18,
1,2,5,0,7,8,8,0,19,20,20,20,20,20,20,20,
1,2,5,0,7,8,8,0,3,4,4,4,4,4,4,
1,2,5,0,7,8,8,0,9,10,10,
1,2,5,0,7,8,8,0,11,12,12,12,12,12,12,
1,2,5,0,7,8,8,0,13,14,14,14,14,14,14,14,14,
1,2,5,0,7,8,8,0,15,16,16,16,16,16,16,
1,2,5,0,7,8,8,0,17,18,18,
1,2,5,0,7,8,8,0,19,20,20,20,20,20,20,20,
1,2,5,0,7,8,8,0,3,4,4,4,4,4,4,
1,2,5,0,7,8,8,0,9,10,10,
1,2,5,0,7,8,8,0,11,12,12,12,12,12,12,
1,2,5,0,7,8,8,0,13,14,14,14,14,14,14,14,14,
1,2,5,0,7,8,8,0,15,16,16,16,16,16,16,
1,2,5,0,7,8,8,0,17,18,18,
1,2,5,0,7,8,8,0,19,20,20,20,20,20,20,20,
1,2,5,0,7,8,8,0,3,4,4,4,4,4,4,
1,2,5,0,7,8,8,0,9,10,10,
1,2,5,0,7,8,8,0,11,12,12,12,12,12,12,
1,2,5,0,7,8,8,0,13,14,14,14,14,14,14,14,14,
1,2,5,0,7,8,8,0,15,16,16,16,16,16,16,
1,2,5,0,7,8,8,0,17,18,18,
1,2,5,0,7,8,8,0,19,20,20,20,20,20,20,20,
1,2,5,0,7,8,8,0,3,4,4,4,4,4,4,
1,2,5,0,7,8,8,0,9,10,10,
1,2,5,0,7,8,8,0,11,12,12,12,12,12,12,
1,2,5,0,7,8,8,0,13,14,14,14,14,14,14,14,14,
1,2,5,0,7,8,8,0,15,16,16,16,16,16,16,
1,2,5,0,7,8,8,0,17,18,18,
1,2,5,0,7,8,8,0,19,20,20,20,20,20,20,20,
1,2,5,0,7,8,0,3,4,4,4,4,4,4,
1,2,5,0,7,8,0,9,10,10,
1,2,5,0,7,8,0,11,12,12,12,12,12,12,
1,2,5,0,7,8,0,13,14,14,14,14,14,14,14,14,
1,2,5,0,7,8,0,15,16,16,16,16,16,16,
1,2,5,0,7,8,0,17,18,18,
1,2,5,0,7,8,0,19,20,20,20,20,20,20,20,
1,2,5,0,7,8,8,0,3,4,4,4,4,4,4,
1,2,5,0,7,8,8,0,9,10,10,
1,2,5,0,7,8,8,0,11,12,12,12,12,12,12,
1,2,5,0,7,8,8,0,13,14,14,14,14,14,14,14,14,
1,2,5,0,7,8,8,0,15,16,16,16,16,16,16,
1,2,5,0,7,8,8,0,17,18,18,
1,2,5,0,7,8,8,0,19,20,20,20,20,20,20,20,
1,2,5,0,7,8,8,0,3,4,4,4,4,4,4,
1,2,5,0,7,8,8,0,9,10,10,
1,2,5,0,7,8,8,0,11,12,12,12,12,12,12,
1,2,5,0,7,8,8,0,13,14,14,14,14,14,14,14,14,
1,2,5,0,7,8,8,0,15,16,16,16,16,16,16,
1,2,5,0,7,8,8,0,17,18,18,
1,2,5,0,7,8,8,0,19,20,20,20,20,20,20,20,
1,2,5,0,7,8,8,0,3,4,4,4,4,4,4,
1,2,5,0,7,8,8,0,9,10,10,
1,2,5,0,7,8,8,0,11,12,12,12,12,12,12,
1,2,5,0,7,8,8,0,13,14,14,14,14,14,14,14,14,
1,2,5,0,7,8,8,0,15,16,16,16,16,16,16,
1,2,5,0,7,8,8,0,17,18,18,
1,2,5,0,7,8,8,0,19,20,20,20,20,20,20,20,
1,2,5,0,7,8,8,0,3,4,4,4,4,4,4,
1,2,5,0,7,8,8,0,9,10,10,
1,2,5,0,7,8,8,0,11,12,12,12,12,12,12,
1,2,5,0,7,8,8,0,13,14,14,14,14,14,14,14,14,
1,2,5,0,7,8,8,0,15,16,16,16,16,16,16,
1,2,5,0,7,8,8,0,17,18,18,
1,2,5,0,7,8,8,0,19,20,20,20,20,20,20,20,
1,2,5,0,7,8,8,0,3,4,4,4,4,4,4,
1,2,5,0,7,8,8,0,9,10,10,
1,2,5,0,7,8,8,0,11,12,12,12,12,12,12,
1,2,5,0,7,8,8,0,13,14,14,14,14,14,14,14,14,
1,2,5,0,7,8,8,0,15,16,16,16,16,16,16,
1,2,5,0,7,8,8,0,17,18,18,
1,2,5,0,7,8,8,0,19,20,20,20,20,20,20,20,
1,2,5,0,7,8,8,0,3,4,4,4,4,4,4,
1,2,5,0,7,8,8,0,9,10,10,
1,2,5,0,7,8,8,0,11,12,12,12,12,12,12,
1,2,5,0,7,8,8,0,13,14,14,14,14,14,14,14,14,
1,2,5,0,7,8,8,0,15,16,16,16,16,16,16,
1,2,5,0,7,8,8,0,17,18,18,
1,2,5,0,7,8,8,0,19,20,20,20,20,20,20,20,
1,2,5,0,7,8,8,0,3,4,4,4,4,4,4,
1,2,5,0,7,8,8,0,9,10,10,
1,2,5,0,7,8,8,0,11,12,12,12,12,12,12,
1,2,5,0,7,8,8,0,13,14,14,14,14,14,14,14,14,
1,2,5,0,7,8,8,0,15,16,16,16,16,16,16,
1,2,5,0,7,8,8,0,17,18,18,
1,2,5,0,7,8,8,0,19,20,20,20,20,20,20,20,
1,2,5,0,7,8,8,0,3,4,4,4,4,4,4,
1,2,5,0,7,8,8,0,9,10,10,
1,2,5,0,7,8,8,0,11,12,12,12,12,12,12,
1,2,5,0,7,8,8,0,13,14,14,14,14,14,14,14,14,
1,2,5,0,7,8,8,0,15,16,16,16,16,16,16,
1,2,5,0,7,8,8,0,17,18,18,
1,2,5,0,7,8,8,0,19,20,20,20,20,20,20,20,
1,2,5,0,7,8,0,3,4,4,4,4,4,4,
1,2,5,0,7,8,0,9,10,10,
1,2,5,0,7,8,0,11,12,12,12,12,12,12,
1,2,5,0,7,8,0,13,14,14,14,14,14,14,14,14,
1,2,5,0,7,8,0,15,16,16,16,16,16,16,
1,2,5,0,7,8,0,17,18,18,
1,2,5,0,7,8,0,19,20,20,20,20,20,20,20,
1,2,5,0,7,8,0,3,4,4,4,4,4,4,
1,2,5,0,7,8,0,9,10,10,
1,2,5,0,7,8,0,11,12,12,12,12,12,12,
1,2,5,0,7,8,0,13,14,14,14,14,14,14,14,14,
1,2,5,0,7,8,0,15,16,16,16,16,16,16,
1,2,5,0,7,8,0,17,18,18,
1,2,5,0,7,8,0,19,20,20,20,20,20,20,20,
1,2,5,0,7,8,0,3,4,4,4,4,4,4,
1,2,5,0,7,8,0,9,10,10,
1,2,5,0,7,8,0,11,12,12,12,12,12,12,
1,2,5,0,7,8,0,13,14,14,14,14,14,14,14,14,
1,2,5,0,7,8,0,15,16,16,16,16,16,16,
1,2,5,0,7,8,0,17,18,18,
1,2,5,0,7,8,0,19,20,20,20,20,20,20,20,
1,2,5,0,7,8,0,3,4,4,4,4,4,4,
1,2,5,0,7,8,0,9,10,10,
1,2,5,0,7,8,0,11,12,12,12,12,12,12,
1,2,5,0,7,8,0,13,14,14,14,14,14,14,14,14,
1,2,5,0,7,8,0,15,16,16,16,16,16,16,
1,2,5,0,7,8,0,17,18,18,
1,2,5,0,7,8,0,19,20,20,20,20,20,20,20,
1,2,5,0,7,8,0,3,4,4,4,4,4,4,
1,2,5,0,7,8,0,9,10,10,
1,2,5,0,7,8,0,11,12,12,12,12,12,12,
1,2,5,0,7,8,0,13,14,14,14,14,14,14,14,14,
1,2,5,0,7,8,0,15,16,16,16,16,16,16,
1,2,5,0,7,8,0,17,18,18,
1,2,5,0,7,8,0,19,20,20,20,20,20,20,20,
1,2,5,0,7,8,0,3,4,4,4,4,4,4,
1,2,5,0,7,8,0,9,10,10,
1,2,5,0,7,8,0,11,12,12,12,12,12,12,
1,2,5,0,7,8,0,13,14,14,14,14,14,14,14,14,
1,2,5,0,7,8,0,15,16,16,16,16,16,16,
1,2,5,0,7,8,0,17,18,18,
1,2,5,0,7,8,0,19,20,20,20,20,20,20,20,
1,2,5,0,7,8,0,3,4,4,4,4,4,4,
1,2,5,0,7,8,0,9,10,10,
1,2,5,0,7,8,0,11,12,12,12,12,12,12,
1,2,5,0,7,8,0,13,14,14,14,14,14,14,14,14,
1,2,5,0,7,8,0,15,16,16,16,16,16,16,
1,2,5,0,7,8,0,17,18,18,
1,2,5,0,7,8,0,19,20,20,20,20,20,20,20,
1,2,5,0,7,8,8,0,3,4,4,4,4,4,4,
1,2,5,0,7,8,8,0,9,10,10,
1,2,5,0,7,8,8,0,15,16,16,16,16,16,16,
1,2,5,0,7,8,8,0,17,18,18,
1,2,5,0,7,8,8,0,21,22,22,22,22,22,22,22,
1,2,5,0,7,8,8,0,3,4,4,4,4,4,4,
1,2,5,0,7,8,8,0,9,10,10,
1,2,5,0,7,8,8,0,15,16,16,16,16,16,16,
1,2,5,0,7,8,8,0,17,18,18,
1,2,5,0,7,8,8,0,21,22,22,22,22,22,22,22,
1,2,5,0,7,8,8,0,3,4,4,4,4,4,4,
1,2,5,0,7,8,8,0,9,10,10,
1,2,5,0,7,8,8,0,15,16,16,16,16,16,16,
1,2,5,0,7,8,8,0,17,18,18,
1,2,5,0,7,8,8,0,21,22,22,22,22,22,22,22,
1,2,5,0,7,8,8,0,3,4,4,4,4,4,4,
1,2,5,0,7,8,8,0,9,10,10,
1,2,5,0,7,8,8,0,15,16,16,16,16,16,16,
1,2,5,0,7,8,8,0,17,18,18,
1,2,5,0,7,8,8,0,21,22,22,22,22,22,22,22,
1,2,5,0,7,8,8,0,3,4,4,4,4,4,4,
1,2,5,0,7,8,8,0,9,10,10,
1,2,5,0,7,8,8,0,15,16,16,16,16,16,16,
1,2,5,0,7,8,8,0,17,18,18,
1,2,5,0,7,8,8,0,21,22,22,22,22,22,22,22,
1,2,5,0,7,8,8,0,3,4,4,4,4,4,4,
1,2,5,0,7,8,8,0,9,10,10,
1,2,5,0,7,8,8,0,15,16,16,16,16,16,16,
1,2,5,0,7,8,8,0,17,18,18,
1,2,5,0,7,8,8,0,21,22,22,22,22,22,22,22,
1,2,5,0,7,8,8,0,3,4,4,4,4,4,4,
1,2,5,0,7,8,8,0,9,10,10,
1,2,5,0,7,8,8,0,15,16,16,16,16,16,16,
1,2,5,0,7,8,8,0,17,18,18,
1,2,5,0,7,8,8,0,21,22,22,22,22,22,22,22,
1,2,5,0,7,8,8,0,3,4,4,4,4,4,4,
1,2,5,0,7,8,8,0,9,10,10,
1,2,5,0,7,8,8,0,15,16,16,16,16,16,16,
1,2,5,0,7,8,8,0,17,18,18,
1,2,5,0,7,8,8,0,21,22,22,22,22,22,22,22,
1,2,5,0,7,8,8,0,3,4,4,4,4,4,4,
1,2,5,0,7,8,8,0,9,10,10,
1,2,5,0,7,8,8,0,15,16,16,16,16,16,16,
1,2,5,0,7,8,8,0,17,18,18,
1,2,5,0,7,8,8,0,21,22,22,22,22,22,22,22,
1,2,5,0,7,8,8,0,3,4,4,4,4,4,4,
1,2,5,0,7,8,8,0,9,10,10,
1,2,5,0,7,8,8,0,15,16,16,16,16,16,16,
1,2,5,0,7,8,8,0,17,18,18,
1,2,5,0,7,8,8,0,21,22,22,22,22,22,22,22,
1,2,5,0,7,8,0,3,4,4,4,4,4,4,
1,2,5,0,7,8,0,9,10,10,
1,2,5,0,7,8,0,15,16,16,16,16,16,16,
1,2,5,0,7,8,0,17,18,18,
1,2,5,0,7,8,0,21,22,22,22,22,22,22,22,
1,2,5,0,7,8,8,0,3,4,4,4,4,4,4,
1,2,5,0,7,8,8,0,9,10,10,
1,2,5,0,7,8,8,0,15,16,16,16,16,16,16,
1,2,5,0,7,8,8,0,17,18,18,
1,2,5,0,7,8,8,0,21,22,22,22,22,22,22,22,
1,2,5,0,7,8,8,0,3,4,4,4,4,4,4,
1,2,5,0,7,8,8,0,9,10,10,
1,2,5,0,7,8,8,0,15,16,16,16,16,16,16,
1,2,5,0,7,8,8,0,17,18,18,
1,2,5,0,7,8,8,0,21,22,22,22,22,22,22,22,
1,2,5,0,7,8,8,0,3,4,4,4,4,4,4,
1,2,5,0,7,8,8,0,9,10,10,
1,2,5,0,7,8,8,0,15,16,16,16,16,16,16,
1,2,5,0,7,8,8,0,17,18,18,
1,2,5,0,7,8,8,0,21,22,22,22,22,22,22,22,
1,2,5,0,7,8,8,0,3,4,4,4,4,4,4,
1,2,5,0,7,8,8,0,9,10,10,
1,2,5,0,7,8,8,0,15,16,16,16,16,16,16,
1,2,5,0,7,8,8,0,17,18,18,
1,2,5,0,7,8,8,0,21,22,22,22,22,22,22,22,
1,2,5,0,7,8,8,8,0,3,4,4,4,4,4,4,
1,2,5,0,7,8,8,8,0,9,10,10,
1,2,5,0,7,8,8,8,0,15,16,16,16,16,16,16,
1,2,5,0,7,8,8,8,0,17,18,18,
1,2,5,0,7,8,8,8,0,21,22,22,22,22,22,22,22,
1,2,5,0,7,8,8,8,0,3,4,4,4,4,4,4,
1,2,5,0,7,8,8,8,0,9,10,10,
1,2,5,0,7,8,8,8,0,15,16,16,16,16,16,16,
1,2,5,0,7,8,8,8,0,17,18,18,
1,2,5,0,7,8,8,8,0,21,22,22,22,22,22,22,22,
1,2,5,0,7,8,8,0,3,4,4,4,4,4,4,4,4,4,
1,2,5,0,7,8,8,0,9,10,10,10,10,10,
1,2,5,0,7,8,8,0,15,16,16,16,16,16,16,16,16,16,
1,2,5,0,7,8,8,0,17,18,18,18,18,18,
1,2,5,0,7,8,8,0,21,22,22,22,22,22,22,22,22,22,22,
1,2,5,0,7,8,8,8,0,3,4,4,4,4,4,4,4,4,4,
1,2,5,0,7,8,8,8,0,9,10,10,10,10,10,
1,2,5,0,7,8,8,8,0,15,16,16,16,16,16,16,16,16,16,
1,2,5,0,7,8,8,8,0,17,18,18,18,18,18,
1,2,5,0,7,8,8,8,0,21,22,22,22,22,22,22,22,22,22,22,
1,2,5,0,7,8,8,8,0,3,4,4,4,4,4,4,4,4,4,
1,2,5,0,7,8,8,8,0,9,10,10,10,10,10,
1,2,5,0,7,8,8,8,0,15,16,16,16,16,16,16,16,16,16,
1,2,5,0,7,8,8,8,0,17,18,18,18,18,18,
1,2,5,0,7,8,8,8,0,21,22,22,22,22,22,22,22,22,22,22,
1,2,5,0,7,8,8,0,3,4,4,4,4,4,4,4,4,4,
1,2,5,0,7,8,8,0,9,10,10,10,10,10,
1,2,5,0,7,8,8,0,15,16,16,16,16,16,16,16,16,16,
1,2,5,0,7,8,8,0,17,18,18,18,18,18,
1,2,5,0,7,8,8,0,21,22,22,22,22,22,22,22,22,22,22,
1,2,5,0,7,8,8,0,3,4,4,4,4,4,4,4,4,4,
1,2,5,0,7,8,8,0,9,10,10,10,10,10,
1,2,5,0,7,8,8,0,15,16,16,16,16,16,16,16,16,16,
1,2,5,0,7,8,8,0,17,18,18,18,18,18,
1,2,5,0,7,8,8,0,21,22,22,22,22,22,22,22,22,22,22,
1,2,5,0,7,8,8,0,3,4,4,4,4,4,4,4,4,4,
1,2,5,0,7,8,8,0,9,10,10,10,10,10,
1,2,5,0,7,8,8,0,15,16,16,16,16,16,16,16,16,16,
1,2,5,0,7,8,8,0,17,18,18,18,18,18,
1,2,5,0,7,8,8,0,21,22,22,22,22,22,22,22,22,22,22,
1,2,5,0,7,8,0,3,4,4,4,4,4,4,
1,2,5,0,7,8,0,9,10,10,
1,2,5,0,7,8,0,15,16,16,16,16,16,16,
1,2,5,0,7,8,0,17,18,18,
1,2,5,0,7,8,0,21,22,22,22,22,22,22,22,
1,2,5,0,7,8,8,0,3,4,4,4,4,4,4,
1,2,5,0,7,8,8,0,9,10,10,
1,2,5,0,7,8,8,0,15,16,16,16,16,16,16,
1,2,5,0,7,8,8,0,17,18,18,
1,2,5,0,7,8,8,8,0,3,4,4,4,4,4,4,4,4,4,
1,2,5,0,7,8,8,8,0,9,10,10,10,10,10,
1,2,5,0,7,8,8,8,0,15,16,16,16,16,16,16,16,16,16,
1,2,5,0,7,8,8,8,0,17,18,18,18,18,18,
1,2,5,0,7,8,8,8,0,21,22,22,22,22,22,22,22,22,22,22,
1,2,5,0,7,8,8,8,0,3,4,4,4,4,4,4,4,4,4,
1,2,5,0,7,8,8,8,0,9,10,10,10,10,10,
1,2,5,0,7,8,8,8,0,15,16,16,16,16,16,16,16,16,16,
1,2,5,0,7,8,8,8,0,17,18,18,18,18,18,
1,2,5,0,7,8,8,8,0,21,22,22,22,22,22,22,22,22,22,22,
1,2,5,0,7,8,8,0,3,4,4,4,4,4,4,4,4,4,
1,2,5,0,7,8,8,0,9,10,10,10,10,10,
1,2,5,0,7,8,8,0,15,16,16,16,16,16,16,16,16,16,
1,2,5,0,7,8,8,0,17,18,18,18,18,18,
1,2,5,0,7,8,8,0,21,22,22,22,22,22,22,22,22,22,22,
1,2,5,0,7,8,8,0,3,4,4,4,4,4,4,4,4,4,
1,2,5,0,7,8,8,0,9,10,10,10,10,10,
1,2,5,0,7,8,8,0,15,16,16,16,16,16,16,16,16,16,
1,2,5,0,7,8,8,0,17,18,18,18,18,18,
1,2,5,0,7,8,8,0,21,22,22,22,22,22,22,22,22,22,22,
1,2,5,0,7,8,8,0,3,4,4,4,4,4,4,4,4,4,
1,2,5,0,7,8,8,0,9,10,10,10,10,10,
1,2,5,0,7,8,8,0,15,16,16,16,16,16,16,16,16,16,
1,2,5,0,7,8,8,0,17,18,18,18,18,18,
1,2,5,0,7,8,8,0,21,22,22,22,22,22,22,22,22,22,22,
1,2,5,0,7,8,8,0,3,4,4,4,4,4,4,4,4,4,
1,2,5,0,7,8,8,0,9,10,10,10,10,10,
1,2,5,0,7,8,8,0,15,16,16,16,16,16,16,16,16,16,
1,2,5,0,7,8,8,0,17,18,18,18,18,18,
1,2,5,0,7,8,8,0,21,22,22,22,22,22,22,22,22,22,22,
1,2,5,0,7,8,8,0,3,4,4,4,4,4,4,4,4,4,
1,2,5,0,7,8,8,0,9,10,10,10,10,10,
1,2,5,0,7,8,8,0,15,16,16,16,16,16,16,16,16,16,
1,2,5,0,7,8,8,0,17,18,18,18,18,18,
1,2,5,0,7,8,8,0,21,22,22,22,22,22,22,22,22,22,22,
1,2,5,0,7,8,0,3,4,4,4,4,4,4,
1,2,5,0,7,8,0,9,10,10,
1,2,5,0,7,8,0,15,16,16,16,16,16,16,
1,2,5,0,7,8,0,17,18,18,
1,2,5,0,7,8,0,21,22,22,22,22,22,22,22,
1,2,5,0,7,8,0,3,4,4,4,4,4,4,
1,2,5,0,7,8,0,9,10,10,
1,2,5,0,7,8,0,15,16,16,16,16,16,16,
1,2,5,0,7,8,0,17,18,18,
1,2,5,0,7,8,0,21,22,22,22,22,22,22,22,
1,2,5,0,7,8,0,3,4,4,4,4,4,4,
1,2,5,0,7,8,0,9,10,10,
1,2,5,0,7,8,0,15,16,16,16,16,16,16,
1,2,5,0,7,8,0,17,18,18,
1,2,5,0,7,8,0,21,22,22,22,22,22,22,22,
1,2,5,0,7,8,0,3,4,4,4,4,4,4,
1,2,5,0,7,8,0,9,10,10,
1,2,5,0,7,8,0,15,16,16,16,16,16,16,
1,2,5,0,7,8,0,17,18,18,
1,2,5,0,7,8,0,21,22,22,22,22,22,22,22,
1,2,5,0,7,8,0,3,4,4,4,4,4,4,
1,2,5,0,7,8,0,9,10,10,
1,2,5,0,7,8,0,15,16,16,16,16,16,16,
1,2,5,0,7,8,0,17,18,18,
1,2,5,0,7,8,0,21,22,22,22,22,22,22,22,
1,2,5,0,7,8,0,3,4,4,4,4,4,4,
1,2,5,0,7,8,0,9,10,10,
1,2,5,0,7,8,0,15,16,16,16,16,16,16,
1,2,5,0,7,8,0,17,18,18,
1,2,5,0,7,8,0,21,22,22,22,22,22,22,22,
1,2,5,0,7,8,0,3,4,4,4,4,4,4,
1,2,5,0,7,8,0,9,10,10,
1,2,5,0,7,8,0,15,16,16,16,16,16,16,
1,2,5,0,7,8,0,17,18,18,
1,2,5,0,7,8,0,21,22,22,22,22,22,22,22,
25,26,26,26,0,27,28,0,23,24,24,24,0,29,30,30,30,30,30,30,30,30,30,30,30,30,30,30,30,30,
25,26,26,26,0,27,28,0,31,32,32,32,0,29,30,30,30,30,
25,26,26,26,0,27,28,0,23,24,24,24,24,24,24,24,24,24,0,29,30,30,
25,26,26,26,0,27,28,0,31,32,32,32,0,29,30,30,30,30,30,30,30,30,30,30,30,30,
25,26,26,26,0,27,28,0,23,24,24,24,0,29,30,30,30,30,30,30,30,
25,26,26,26,0,27,28,0,31,32,32,32,0,29,30,30,30,30,30,30,30,
25,26,26,26,0,27,28,0,23,24,24,24,0,29,30,30,30,30,30,30,30,30,30,30,30,
25,26,26,26,0,27,28,0,23,24,24,24,0,29,30,30,30,30,30,30,30,30,30,30,30,
25,26,26,26,0,27,28,0,23,24,24,24,0,29,30,30,30,30,30,30,30,30,30,30,30,
25,26,26,26,0,27,28,0,23,24,24,24,0,29,30,30,30,30,30,30,30,30,30,30,30,
25,26,26,26,0,27,28,0,23,24,24,24,0,29,30,30,30,30,30,30,
25,26,26,26,0,27,28,0,31,32,32,32,0,29,30,30,30,30,30,30,30,30,30,30,30,
25,26,26,26,0,27,28,0,23,24,24,24,0,29,30,30,30,30,30,30,30,30,30,30,30,
25,26,26,26,0,27,28,0,31,32,32,32,0,29,30,30,30,30,30,30,30,
25,26,26,26,0,27,28,0,23,24,24,24,0,29,30,30,30,30,30,30,30,30,30,30,30,30,30,
25,26,26,26,0,27,28,0,31,32,32,32,0,29,30,30,30,30,30,30,30,
25,26,26,26,0,27,28,0,23,24,24,24,0,29,30,30,30,30,30,30,30,30,30,
25,26,26,26,0,27,28,0,31,32,32,32,0,29,30,30,30,30,30,30,30,
25,26,26,26,0,27,28,0,23,24,24,24,0,29,30,30,30,30,30,30,30,30,30,30,
25,26,26,26,0,27,28,0,31,32,32,32,0,29,30,30,30,30,30,30,30,
25,26,26,26,0,27,28,0,23,24,24,24,0,29,30,30,30,30,
25,26,26,26,0,27,28,0,31,32,32,32,0,29,30,30,30,30,30,30,30,
25,26,26,26,0,27,28,0,23,24,24,24,0,29,30,30,30,30,30,30,30,30,
25,26,26,26,0,27,28,0,31,32,32,32,0,29,30,30,30,30,30,30,30,30,30,30,30,30,30,
25,26,26,26,0,27,28,0,31,32,32,32,0,29,30,30,30,30,
25,26,26,26,0,27,28,0,23,24,24,24,0,29,30,30,30,30,
25,26,26,26,0,27,28,0,31,32,32,32,0,29,30,30,30,30,30,30,30,30,30,30,30,30,30,
25,26,26,26,0,27,28,0,23,24,24,24,0,29,30,30,30,30,30,30,
25,26,26,26,0,27,28,0,31,32,32,32,0,29,30,30,30,30,30,30,30,30,30,30,30,30,30,
25,26,26,26,0,27,28,0,23,24,24,24,0,29,30,30,30,30,30,30,30,30,30,30,30,30,30,30,30,30,
25,26,26,26,0,27,28,0,31,32,32,32,0,29,30,30,30,30,30,30,30,30,30,30,30,30,30,30,
25,26,26,26,0,27,28,0,23,24,24,24,0,29,30,30,30,30,30,30,30,30,30,30,30,30,30,30,30,30,
25,26,26,26,0,27,28,0,31,32,32,32,0,29,30,30,30,30,30,30,30,30,30,30,30,30,30,30,
25,26,26,26,0,27,28,0,23,24,24,24,0,29,30,30,30,30,30,30,30,30,30,30,30,30,30,30,30,30,30,30,
25,26,26,26,0,27,28,0,31,32,32,32,0,29,30,30,30,30,30,30,30,30,30,30,30,30,30,30,
25,26,26,26,0,27,28,0,31,32,32,32,0,29,30,30,30,30,30,30,30,30,30,30,30,30,30,30,
25,26,26,26,0,27,28,0,31,32,32,32,0,29,30,30,30,30,30,30,30,30,30,30,30,30,30,30,
25,26,26,26,0,27,28,0,31,32,32,32,0,29,30,30,30,30,30,30,30,30,30,30,30,30,30,
25,26,26,26,0,27,28,0,23,24,24,24,0,29,30,30,30,30,30,30,30,30,30,30,30,30,30,30,30,
25,26,26,26,0,27,28,0,23,24,24,24,0,29,30,30,30,30,30,30,
25,26,26,26,0,27,28,0,23,24,24,24,0,29,30,30,30,30,30,30,30,30,30,30,
25,26,26,26,0,27,28,0,23,24,24,24,0,29,30,30,30,30,30,30,30,30,30,
25,26,26,26,0,27,28,0,31,32,32,32,0,29,30,30,30,30,30,30,30,30,30,30,30,30,30,30,
25,26,26,26,0,27,28,0,23,24,24,24,0,29,30,30,30,30,30,30,30,30,
25,26,26,26,0,27,28,0,31,32,32,32,0,29,30,30,30,30,30,30,30,
25,26,26,26,0,27,28,0,23,24,24,24,0,29,30,30,30,30,30,30,30,30,30,30,30,
25,26,26,26,0,27,28,0,31,32,32,32,0,29,30,30,30,30,30,30,30,30,30,30,30,30,
25,26,26,26,0,27,28,0,23,24,24,24,0,29,30,30,30,30,30,30,30,30,30,30,30,
25,26,26,26,0,27,28,0,31,32,32,32,0,29,30,30,30,30,30,30,30,30,30,30,30,30,
25,26,26,26,0,27,28,0,23,24,24,24,0,29,30,30,30,30,30,30,30,30,30,30,30,
25,26,26,26,0,27,28,0,31,32,32,32,0,29,30,30,30,30,30,30,30,30,30,30,30,30,
25,26,26,26,0,27,28,0,23,24,24,24,0,29,30,30,30,30,30,30,30,30,30,30,30,
25,26,26,26,0,27,28,0,31,32,32,32,0,29,30,30,30,30,30,30,30,30,30,30,30,30,
25,26,26,26,0,27,28,0,23,24,24,24,0,29,30,30,30,30,30,30,30,30,30,30,30,
25,26,26,26,0,27,28,0,23,24,24,24,0,29,30,30,30,30,30,30,30,30,30,30,30,
25,26,26,0,27,28,0,33,34,34,0,29,30,30,30,30,30,30,30,30,30,30,30,30,30,30,30,30,
25,26,26,0,27,28,0,23,24,24,24,0,29,30,30,30,30,30,30,30,
25,26,26,0,27,28,0,31,32,32,32,0,29,30,30,30,30,30,30,30,30,30,
25,26,26,0,27,28,0,33,34,34,34,34,0,29,30,
25,26,26,0,27,28,0,23,24,24,24,0,29,30,30,30,30,30,30,30,30,30,30,30,30,30,30,30,30,30,
25,26,26,0,27,28,0,33,34,34,34,34,0,29,30,30,30,30,30,30,30,30,30,30,
25,26,26,0,27,28,0,23,24,24,24,0,29,30,30,30,30,30,30,30,30,30,30,30,30,30,30,30,30,30,30,
25,26,26,26,0,27,28,0,31,32,32,32,0,29,30,30,30,30,30,30,30,30,30,30,30,30,
25,26,26,26,0,27,28,0,23,24,24,24,0,29,30,30,30,30,30,30,30,30,30,30,30,
25,26,26,26,0,27,28,0,31,32,32,32,0,29,30,30,30,30,30,30,30,30,30,30,30,30,
25,26,26,26,0,27,28,0,23,24,24,24,0,29,30,30,30,30,30,30,30,30,30,30,30,30,30,30,
25,26,26,26,0,27,28,0,31,32,32,32,0,29,30,30,30,30,30,30,30,30,30,30,
25,26,26,26,0,27,28,0,31,32,32,32,0,29,30,30,30,30,30,30,30,30,30,30,30,
25,26,26,26,0,27,28,0,31,32,32,32,0,29,30,30,30,30,30,30,30,30,
25,26,26,26,0,27,28,0,31,32,32,32,0,29,30,30,30,30,30,30,30,30,30,30,30,30,30,30,
25,26,26,26,0,27,28,0,23,24,24,24,0,29,30,30,30,30,30,30,30,30,30,30,30,
25,26,26,26,0,27,28,0,31,32,32,32,0,29,30,30,30,30,30,30,30,30,30,30,30,30,30,30,
25,26,26,26,0,27,28,0,23,24,24,24,0,29,30,30,30,30,30,30,
25,26,26,26,0,27,28,0,23,24,24,24,0,29,30,30,30,30,30,30,30,30,30,
25,26,26,26,0,27,28,0,31,32,32,32,0,29,30,30,30,30,30,30,
25,26,26,26,0,27,28,0,31,32,32,32,0,29,30,30,30,30,30,30,30,30,30,30,30,30,
25,26,26,26,0,27,28,0,31,32,32,32,0,29,30,30,30,30,30,30,30,30,30,30,30,30,
25,26,26,26,0,27,28,0,31,32,32,32,0,29,30,30,30,
25,26,26,26,0,27,28,0,31,32,32,32,0,29,30,30,30,30,30,30,30,30,30,30,
25,26,26,26,0,27,28,0,31,32,32,32,0,29,30,30,30,30,30,30,30,30,30,30,
25,26,26,26,0,27,28,0,31,32,32,32,0,29,30,30,30,30,30,30,30,30,30,30,
25,26,26,26,0,27,28,0,31,32,32,32,0,29,30,30,30,30,30,30,30,30,30,30,
25,26,26,26,0,27,28,0,31,32,32,32,0,29,30,30,30,30,30,30,30,30,30,30,30,
25,26,26,26,0,27,28,0,31,32,32,32,0,29,30,30,30,30,30,30,30,30,30,30,30,
25,26,26,26,0,27,28,0,31,32,32,32,0,29,30,30,30,30,30,30,30,30,30,30,30,
25,26,26,26,0,27,28,0,31,32,32,32,0,29,30,30,30,30,30,30,30,30,30,30,30,30,30,30,30,30,30,30,30,
25,26,26,26,0,27,28,0,31,32,32,32,0,29,30,30,30,30,30,30,30,30,30,30,30,30,30,30,30,30,30,30,30,
25,26,26,26,0,27,28,0,31,32,32,32,0,29,30,30,30,30,30,30,30,30,30,30,30,30,30,30,
25,26,26,26,0,27,28,0,31,32,32,32,0,29,30,30,30,30,30,30,30,30,30,30,30,30,30,30,30,
25,26,26,26,0,27,28,0,31,32,32,32,0,29,30,30,30,30,30,30,30,30,30,30,30,30,30,30,30,
25,26,26,0,27,28,0,33,34,34,34,34,0,29,30,30,30,30,30,30,30,30,30,30,
25,26,26,0,27,28,0,23,24,24,24,0,29,30,30,30,30,30,30,30,30,30,30,30,30,
25,26,26,0,27,28,0,33,34,34,34,34,0,29,30,30,30,30,30,30,30,30,30,30,
25,26,26,0,27,28,0,23,24,24,24,0,29,30,30,30,30,30,30,30,
25,26,26,0,27,28,0,31,32,32,32,0,29,30,30,30,30,30,30,30,
25,26,26,0,27,28,0,33,34,34,34,34,0,29,30,30,30,30,30,30,30,
25,26,26,0,27,28,0,23,24,24,24,0,29,30,30,30,30,30,30,30,30,30,30,30,30,
25,26,26,0,27,28,0,31,32,32,32,0,29,30,30,30,30,30,
25,26,26,26,0,27,28,0,31,32,32,32,0,29,30,30,30,30,30,30,30,30,30,30,30,30,30,30,30,30,30,
25,26,26,26,0,27,28,28,28,0,31,32,32,32,32,32,32,32,0,29,30,30,30,30,30,30,30,30,30,30,
25,26,26,26,0,27,28,28,28,0,31,32,32,32,32,32,32,32,0,29,30,30,30,30,30,30,30,30,30,30,
25,26,26,26,0,27,28,0,31,32,32,32,0,29,30,30,30,30,30,30,30,30,30,30,30,30,30,30,
25,26,26,26,0,27,28,0,31,32,32,32,0,29,30,30,30,30,30,30,30,30,30,30,30,30,30,
25,26,26,26,0,27,28,0,31,32,32,32,0,29,30,30,30,30,30,30,30,30,30,30,30,30,
25,26,26,26,0,27,28,0,31,32,32,32,0,29,30,30,30,30,30,30,30,30,30,30,30,30,30,30,30,30,
25,26,26,26,0,27,28,0,31,32,32,32,0,29,30,30,30,30,30,30,30,30,30,30,30,30,30,30,30,30,30,
25,26,26,26,0,27,28,0,31,32,32,32,0,29,30,30,30,30,30,30,30,30,30,30,30,30,
25,26,26,26,0,27,28,0,31,32,32,32,0,29,30,30,30,30,30,30,30,30,30,30,30,30,30,30,30,
25,26,26,26,0,27,28,0,31,32,32,32,0,29,30,30,30,30,30,30,30,30,30,
25,26,26,26,0,27,28,0,31,32,32,32,0,29,30,30,30,30,30,30,30,30,30,
25,26,26,26,0,27,28,0,31,32,32,32,0,29,30,30,30,30,30,30,
25,26,26,26,0,27,28,0,31,32,32,32,0,29,30,30,30,30,30,30,
25,26,26,26,0,27,28,0,31,32,32,32,0,29,30,30,30,30,30,30,
25,26,26,26,0,27,28,0,31,32,32,32,0,29,30,30,30,30,30,30,
25,26,26,26,0,27,28,0,31,32,32,32,0,29,30,30,30,30,30,30,30,30,30,
25,26,26,26,0,27,28,0,31,32,32,32,0,29,30,30,30,30,30,30,30,30,30,30,30,30,30,30,30,
25,26,26,26,0,27,28,0,31,32,32,32,0,29,30,30,30,30,30,30,30,30,30,30,
25,26,26,26,0,27,28,0,31,32,32,32,0,29,30,30,30,30,30,30,30,30,30,30,
25,26,26,26,0,27,28,0,31,32,32,32,0,29,30,30,30,30,30,30,30,30,30,30,
25,26,26,26,0,27,28,0,31,32,32,32,0,29,30,30,30,30,30,30,30,30,30,30,
25,26,26,26,0,27,28,0,31,32,32,32,0,29,30,30,30,30,30,30,30,30,30,30,30,
25,26,26,26,0,27,28,0,31,32,32,32,0,29,30,30,30,30,30,30,30,30,30,30,30,
25,26,26,26,0,27,28,0,31,32,32,32,0,29,30,30,30,30,30,30,30,30,30,30,30,30,30,30,
25,26,26,26,0,27,28,0,31,32,32,32,0,29,30,30,30,30,30,30,30,30,30,30,30,30,30,
25,26,26,26,0,27,28,0,31,32,32,32,0,29,30,30,30,30,30,30,30,30,30,30,30,30,30,30,30,
25,26,26,26,0,27,28,0,31,32,32,32,0,29,30,30,30,30,30,30,30,30,30,30,30,30,30,30,30,30,30,30,30,
25,26,26,0,27,28,0,33,34,34,34,34,0,29,30,30,30,30,30,30,30,30,30,30,
25,26,26,0,27,28,0,23,24,24,24,0,29,30,30,30,30,30,
25,26,26,0,27,28,0,31,32,32,32,0,29,30,30,30,30,30,30,30,30,30,
25,26,26,0,27,28,0,33,34,34,34,34,0,29,30,30,30,30,30,30,30,30,30,30,30,30,30,
25,26,26,0,27,28,0,23,24,24,24,0,29,30,30,30,30,30,30,30,
25,26,26,0,27,28,0,31,32,32,32,0,29,30,30,30,30,30,30,30,30,30,30,30,
25,26,26,0,27,28,0,23,24,24,24,0,29,30,30,30,30,30,30,30,30,30,30,30,30,30,30,
25,26,26,0,27,28,0,31,32,32,32,0,29,30,30,30,30,30,30,30,30,30,
25,26,26,26,0,27,28,0,31,32,32,32,0,29,30,30,30,30,30,30,30,30,30,30,30,30,30,30,
25,26,26,26,0,27,28,0,31,32,32,32,0,29,30,30,30,30,30,30,30,30,30,30,30,30,30,
25,26,26,26,0,27,28,0,31,32,32,32,0,29,30,30,30,30,30,30,30,30,30,30,30,30,30,30,30,30,30,30,
25,26,26,26,0,27,28,0,31,32,32,32,0,29,30,30,30,30,30,30,30,30,
25,26,26,26,0,27,28,0,31,32,32,32,0,29,30,30,30,30,30,30,30,30,30,
25,26,26,26,0,27,28,0,31,32,32,32,0,29,30,30,30,30,30,30,30,30,30,
25,26,26,26,0,27,28,0,31,32,32,32,0,29,30,30,30,30,30,30,30,30,
25,26,26,26,0,27,28,0,31,32,32,32,0,29,30,30,30,30,30,30,30,30,30,30,30,
25,26,26,26,26,26,26,0,27,28,28,28,0,31,32,32,32,0,29,30,30,30,30,30,30,
25,26,26,26,0,27,28,0,31,32,32,32,0,29,30,30,30,30,30,30,30,30,30,
25,26,26,26,0,27,28,0,31,32,32,32,0,29,30,30,30,30,30,30,30,30,
25,26,26,26,0,27,28,0,31,32,32,32,0,29,30,30,30,30,30,30,30,30,30,30,30,
25,26,26,0,27,28,0,23,24,24,24,0,29,30,30,30,30,30,30,30,30,30,30,30,30,30,30,30,
25,26,26,0,27,28,0,23,24,24,24,0,29,30,30,30,30,30,30,30,30,30,30,30,30,30,30,30,30,30,30,
25,26,26,0,27,28,0,31,32,32,32,0,29,30,30,30,30,30,30,30,
25,26,26,0,27,28,0,23,24,24,24,0,29,30,30,30,30,30,30,30,30,30,30,30,30,30,30,30,30,30,
25,26,26,0,27,28,0,31,32,32,32,0,29,30,30,30,30,30,30,
25,26,26,0,27,28,0,23,24,24,24,0,29,30,30,30,30,30,30,30,30,30,30,30,30,
25,26,26,0,27,28,0,31,32,32,32,0,29,30,30,30,30,30,30,30,30,30,
25,26,26,0,27,28,0,23,24,24,24,0,29,30,30,30,30,30,30,30,30,30,30,30,
25,26,26,0,27,28,0,31,32,32,32,0,29,30,30,30,30,30,30,30,30,30,30,30,
25,26,26,0,27,28,0,23,24,24,24,0,29,30,30,30,30,30,30,30,30,30,30,
25,26,26,0,27,28,0,31,32,32,32,0,29,30,30,30,30,30,30,30,30,30,
25,26,26,0,27,28,0,23,24,24,24,0,29,30,30,30,30,30,30,30,30,30,30,
25,26,26,0,27,28,0,31,32,32,32,0,29,30,30,30,30,30,30,30,30,30,
25,26,26,0,27,28,0,23,24,24,24,0,29,30,30,30,30,30,30,30,30,30,30,30,30,30,30,30,
25,26,26,0,27,28,0,31,32,32,32,0,29,30,30,30,30,30,
25,26,26,0,27,28,0,23,24,24,24,0,29,30,30,30,30,30,30,30,
25,26,26,0,27,28,0,31,32,32,32,0,29,30,30,30,30,30,30,
25,26,26,0,27,28,0,23,24,24,24,0,29,30,30,30,30,30,30,30,30,30,30,
25,26,26,0,27,28,0,31,32,32,32,0,29,30,30,30,30,30,30,30,30,30,
25,26,26,0,27,28,0,23,24,24,24,0,29,30,30,30,30,30,30,30,30,30,30,30,30,30,30,30,30,30,30,
25,26,26,0,27,28,0,31,32,32,32,0,29,30,30,30,30,30,30,30,30,30,30,30,
25,26,26,0,27,28,0,23,24,24,24,0,29,30,30,30,30,30,30,30,
25,26,26,0,27,28,0,31,32,32,32,0,29,30,30,30,
25,26,26,26,0,27,28,0,31,32,32,32,0,29,30,30,30,30,30,30,30,30,
25,26,26,0,27,28,0,23,24,24,24,0,29,30,30,30,30,30,30,30,30,30,30,
25,26,26,0,27,28,0,31,32,32,32,0,29,30,30,30,30,30,30,30,30,30,
25,26,26,0,27,28,0,23,24,24,24,0,29,30,30,30,30,30,30,30,30,30,30,
25,26,26,0,27,28,0,31,32,32,32,0,29,30,30,30,30,30,30,30,
25,26,26,0,27,28,0,23,24,24,24,0,29,30,30,30,30,30,30,30,30,30,30,30,30,30,30,30,30,30,
25,26,26,0,27,28,0,31,32,32,32,0,29,30,30,30,
25,26,26,0,27,28,0,23,24,24,24,0,29,30,30,30,30,30,30,30,30,30,30,30,30,30,
25,26,26,0,27,28,0,31,32,32,32,0,29,30,30,30,30,30,30,30,30,
25,26,26,0,27,28,0,23,24,24,24,0,29,30,30,30,30,30,30,30,30,30,30,
25,26,26,0,27,28,0,31,32,32,32,0,29,30,30,30,30,30,30,30,30,
25,26,26,0,27,28,0,23,24,24,24,0,29,30,30,30,30,30,30,30,30,30,30,30,30,30,30,30,30,30,30,30,
25,26,26,26,0,27,28,0,23,24,24,24,0,29,30,30,30,30,30,30,30,30,30,30,30,30,30,
25,26,26,26,0,27,28,0,31,32,32,32,0,29,30,30,30,30,30,30,30,30,30,30,30,
25,26,26,26,0,27,28,0,31,32,32,32,0,29,30,30,30,30,30,30,30,30,30,30,30,
25,26,26,26,0,27,28,0,35,36,36,36,36,36,36,36,36,0,29,30,30,30,30,30,
25,26,26,26,0,27,28,0,31,32,32,32,0,29,30,30,30,30,30,30,30,30,30,30,30,
25,26,26,26,0,27,28,0,35,36,36,36,36,36,36,36,36,0,29,30,30,30,30,30,
25,26,26,26,0,27,28,0,31,32,32,32,0,29,30,30,30,30,30,30,30,
25,26,26,26,0,27,28,0,31,32,32,32,0,29,30,30,30,30,30,30,30,
25,26,26,26,0,27,28,0,23,24,24,24,24,24,24,24,24,0,29,30,30,30,30,30,
25,26,26,26,0,27,28,0,31,32,32,32,0,29,30,30,30,30,30,30,30,
25,26,26,26,0,27,28,0,37,38,38,38,38,38,0,29,30,30,30,30,30,30,30,30,30,30,30,
25,26,26,26,0,27,28,0,31,32,32,32,0,29,30,30,30,30,30,30,30,
25,26,26,26,0,27,28,0,31,32,32,32,0,29,30,30,30,30,30,30,30,
25,26,26,26,0,27,28,0,31,32,32,32,0,29,30,30,30,30,30,30,30,
25,26,26,26,0,27,28,0,31,32,32,32,0,29,30,30,30,30,30,30,30,
25,26,26,26,0,27,28,0,31,32,32,32,0,29,30,30,30,30,30,30,30,
25,26,26,26,0,27,28,0,31,32,32,32,0,29,30,30,30,30,30,
25,26,26,26,0,27,28,0,31,32,32,32,0,29,30,30,30,30,30,30,30,30,30,30,
25,26,26,26,0,27,28,0,31,32,32,32,0,29,30,30,30,30,30,30,30,30,30,30,
25,26,26,26,0,27,28,0,31,32,32,32,0,29,30,30,30,30,30,30,30,30,30,30,
25,26,26,26,0,27,28,0,31,32,32,32,0,29,30,30,30,30,30,30,30,30,30,30,
25,26,26,26,0,27,28,0,31,32,32,32,0,29,30,30,30,30,30,30,30,30,30,
25,26,26,26,0,27,28,0,31,32,32,32,0,29,30,30,30,30,30,30,30,30,30,
25,26,26,26,0,27,28,0,31,32,32,32,0,29,30,30,30,30,30,30,30,30,30,30,30,30,30,
25,26,26,26,0,27,28,0,31,32,32,32,0,29,30,30,30,30,30,30,30,30,30,30,30,30,30,
25,26,26,26,0,27,28,0,31,32,32,32,0,29,30,30,30,30,30,30,30,30,30,30,30,
25,26,26,26,0,27,28,0,31,32,32,32,0,29,30,30,30,30,30,30,30,30,30,30,30,
25,26,26,26,0,27,28,0,31,32,32,32,0,29,30,30,30,30,30,30,30,30,30,30,30,
25,26,26,26,0,27,28,0,31,32,32,32,0,29,30,30,30,30,30,30,30,30,30,30,30,
25,26,26,26,0,27,28,0,39,40,40,40,0,29,30,30,30,30,30,30,30,30,30,
25,26,26,26,0,27,28,0,41,42,42,42,0,29,30,30,30,30,30,30,30,30,30,
25,26,26,26,0,27,28,0,41,42,42,42,0,29,30,30,30,30,30,30,30,30,30,
25,26,26,26,0,27,28,0,41,42,42,42,0,29,30,30,30,30,30,30,30,30,30,
25,26,26,26,0,27,28,0,41,42,42,42,0,29,30,30,30,30,30,30,30,30,30,
25,26,26,26,0,27,28,0,41,42,42,42,0,29,30,30,30,30,30,30,30,30,30,
25,26,26,26,0,27,28,0,41,42,42,42,0,29,30,30,30,30,30,30,30,30,30,
25,26,26,0,27,28,0,33,34,34,34,34,0,29,30,30,30,30,30,30,30,
25,26,26,0,27,28,0,23,24,24,24,0,29,30,30,30,30,30,30,30,30,30,30,30,30,30,
25,26,26,0,27,28,0,31,32,32,32,0,29,30,30,30,30,30,30,30,30,30,
25,26,26,0,27,28,0,33,34,34,34,34,0,29,30,30,30,30,30,30,30,30,30,30,
25,26,26,0,27,28,0,23,24,24,24,0,29,30,30,30,30,30,30,30,30,30,30,30,
25,26,26,0,27,28,0,31,32,32,32,0,29,30,30,30,30,30,30,30,30,30,
25,26,26,0,27,28,0,31,32,32,32,0,29,30,30,30,30,30,30,30,30,30,30,30,30,30,30,30,30,30,
25,26,26,0,27,28,0,33,34,34,34,34,0,29,30,30,30,30,30,30,30,30,30,30,
25,26,26,0,27,28,0,23,24,24,24,0,29,30,30,30,30,30,30,30,30,30,30,30,
25,26,26,0,27,28,0,31,32,32,32,0,29,30,30,30,30,30,30,30,30,
25,26,26,0,27,28,0,31,32,32,32,0,29,30,30,30,30,30,30,30,30,30,30,30,30,30,30,30,30,30,30,
25,26,26,26,0,27,28,0,31,32,32,32,0,29,30,30,30,30,
25,26,26,26,0,27,28,0,31,32,32,32,0,29,30,30,30,30,30,30,30,30,30,30,30,
25,26,26,26,0,27,28,0,31,32,32,32,0,29,30,30,30,30,30,30,30,30,30,30,30,30,30,30,30,30,30,
25,26,26,26,0,27,28,0,31,32,32,32,0,29,30,30,30,30,30,30,30,30,30,30,30,30,30,30,30,30,30,30,
25,26,26,26,0,27,28,0,31,32,32,32,0,29,30,30,30,30,30,30,30,
25,26,26,26,0,27,28,0,31,32,32,32,0,29,30,30,30,30,30,30,30,30,30,30,30,30,30,30,
25,26,26,26,0,27,28,0,31,32,32,32,0,29,30,30,30,30,30,30,30,
25,26,26,0,27,28,0,33,34,34,34,34,0,29,30,30,30,30,30,30,30,30,30,30,
25,26,26,0,27,28,0,23,24,24,24,0,29,30,30,30,30,30,30,30,30,30,30,30,30,30,30,30,30,30,30,30,
25,26,26,0,27,28,0,31,32,32,32,0,29,30,30,30,30,30,30,30,30,
25,26,26,0,27,28,0,31,32,32,32,0,29,30,30,30,30,30,30,30,30,30,30,30,30,30,30,30,
25,26,26,0,27,28,0,33,34,34,34,34,0,29,30,30,30,30,30,30,30,30,30,30,30,30,30,30,
25,26,26,0,27,28,0,23,24,24,24,0,29,30,30,30,30,30,30,30,30,30,30,30,30,30,30,30,30,30,30,30,
25,26,26,0,27,28,0,31,32,32,32,0,29,30,30,30,30,30,30,30,30,30,
25,26,26,0,27,28,0,23,24,24,24,0,29,30,30,30,30,30,30,30,30,30,30,
25,26,26,0,27,28,0,31,32,32,32,0,29,30,30,30,30,30,30,30,30,
25,26,26,0,27,28,0,23,24,24,24,0,29,30,30,30,30,30,30,30,30,30,30,30,30,30,30,30,
25,26,26,0,27,28,0,31,32,32,32,0,29,30,30,30,30,30,30,30,30,
25,26,26,0,27,28,0,23,24,24,24,0,29,30,30,30,30,30,30,30,30,30,30,30,30,30,30,30,30,30,30,
25,26,26,0,27,28,0,31,32,32,32,0,29,30,30,30,30,30,30,30,30,
25,26,26,0,27,28,0,23,24,24,24,0,29,30,30,30,30,30,30,30,30,30,30,30,
25,26,26,0,27,28,0,31,32,32,32,0,29,30,30,30,30,30,30,30,
25,26,26,0,27,28,0,23,24,24,24,0,29,30,30,30,30,30,30,30,30,30,30,
25,26,26,0,27,28,0,31,32,32,32,0,29,30,30,30,30,30,30,30,
25,26,26,0,27,28,0,23,24,24,24,0,29,30,30,30,30,30,30,30,30,30,30,30,
25,26,26,0,27,28,0,31,32,32,32,0,29,30,30,30,30,30,30,30,30,30,
25,26,26,0,27,28,0,23,24,24,24,0,29,30,30,30,30,30,30,30,30,30,30,30,
25,26,26,0,27,28,0,31,32,32,32,0,29,30,30,30,30,30,30,30,30,30,
25,26,26,0,27,28,0,23,24,24,24,0,29,30,30,30,30,30,30,30,30,30,30,
25,26,26,0,27,28,0,31,32,32,32,0,29,30,30,30,30,30,30,30,30,30,30,30,30,30,30,30,30,30,30,
25,26,26,0,27,28,0,23,24,24,24,0,29,30,30,30,30,30,
25,26,26,0,27,28,0,31,32,32,32,0,29,30,30,30,30,30,30,30,30,
25,26,26,0,27,28,0,23,24,24,24,0,29,30,30,30,30,30,30,30,30,30,30,30,30,
25,26,26,0,27,28,0,31,32,32,32,0,29,30,30,30,30,30,30,30,30,30,
25,26,26,0,27,28,0,23,24,24,24,0,29,30,30,30,30,30,30,30,30,30,30,30,30,
25,26,26,0,27,28,0,31,32,32,32,0,29,30,30,30,30,30,30,30,30,
25,26,26,0,27,28,0,23,24,24,24,0,29,30,30,30,30,30,30,30,30,30,30,30,30,30,30,30,30,30,30,30,
25,26,26,0,27,28,0,31,32,32,32,0,29,30,30,30,30,30,30,30,30,
25,26,26,0,27,28,0,23,24,24,24,0,29,30,30,30,30,30,30,30,30,30,30,30,30,30,
25,26,26,0,27,28,0,31,32,32,32,0,29,30,30,30,30,30,30,30,30,
25,26,26,0,27,28,0,23,24,24,24,0,29,30,30,30,30,30,30,30,30,30,30,
25,26,26,0,27,28,0,31,32,32,32,0,29,30,30,30,30,30,30,30,30,
25,26,26,0,27,28,0,23,24,24,24,0,29,30,30,30,30,30,30,30,30,30,30,30,30,30,30,30,30,30,30,
25,26,26,0,27,28,0,31,32,32,32,0,29,30,30,30,30,30,30,30,30,
25,26,26,0,27,28,0,23,24,24,24,0,29,30,30,30,30,30,30,30,30,30,30,30,30,30,30,30,
25,26,26,0,27,28,0,31,32,32,32,0,29,30,30,30,30,30,30,30,30,
25,26,26,0,27,28,0,23,24,24,24,0,29,30,30,30,30,30,30,30,30,30,30,30,
25,26,26,0,27,28,0,31,32,32,32,0,29,30,30,30,30,30,30,30,30,
25,26,26,0,27,28,0,23,24,24,24,0,29,30,30,30,30,30,30,30,30,30,30,
25,26,26,0,27,28,0,31,32,32,32,0,29,30,30,30,30,30,30,30,30,30,30,30,30,30,30,30,30,
25,26,26,0,27,28,0,23,24,24,24,0,29,30,30,30,30,30,30,30,
25,26,26,0,27,28,0,31,32,32,32,0,29,30,30,30,30,30,30,30,30,30,30,30,30,30,30,30,30,
25,26,26,0,27,28,0,23,24,24,24,0,29,30,30,30,30,
25,26,26,0,27,28,0,31,32,32,32,0,29,30,30,30,30,30,30,30,30,30,30,
25,26,26,0,27,28,0,23,24,24,24,0,29,30,30,30,30,
25,26,26,0,27,28,0,31,32,32,32,0,29,30,30,30,30,30,30,30,30,30,30,
25,26,26,0,27,28,0,23,24,24,24,0,29,30,30,30,30,30,30,30,
25,26,26,0,27,28,0,31,32,32,32,0,29,30,30,30,30,30,30,30,30,30,
25,26,26,0,27,28,0,43,44,44,44,0,29,30,30,30,30,30,
25,26,26,26,26,0,5,6,0,45,46,46,46,46,46,46,46,46,46,46,46,46,46,
25,26,26,26,26,0,5,6,0,47,48,48,48,48,48,48,48,48,48,48,48,48,
25,26,26,26,26,0,5,6,0,49,50,50,50,50,50,50,50,50,50,50,50,50,
25,26,26,26,26,0,5,6,0,51,52,52,52,52,52,52,52,52,52,52,52,52,52,52,52,
25,26,26,26,26,0,5,6,0,53,54,54,54,54,54,54,54,54,54,54,54,54,54,54,
25,26,26,26,26,0,5,6,0,53,54,54,54,54,54,54,54,54,54,54,54,54,54,54,
25,26,26,26,26,0,5,6,0,53,54,54,54,54,54,54,54,54,54,54,54,54,54,54,
25,26,26,26,26,0,5,6,0,55,56,56,56,56,56,56,56,56,56,56,56,56,56,56,56,
25,26,26,26,26,0,5,6,0,57,58,58,58,58,58,58,58,58,58,58,58,58,58,58,58,58,
25,26,26,26,26,0,5,6,0,59,60,60,60,60,60,60,60,60,60,60,60,60,60,60,60,
25,26,26,26,26,0,5,6,0,61,62,62,62,62,62,62,62,62,62,62,62,62,62,62,
25,26,26,26,26,0,5,6,0,63,64,64,64,64,64,64,64,64,64,64,64,64,64,64,
25,26,26,26,26,0,5,6,0,65,66,66,66,66,66,66,66,66,66,66,66,66,66,66,66,66,66,
25,26,26,26,26,0,5,6,0,67,68,68,68,68,68,68,68,68,68,68,68,68,68,68,68,68,
25,26,26,26,26,0,5,6,0,67,68,68,68,68,68,68,68,68,68,68,68,68,68,68,68,68,
25,26,26,26,26,0,5,6,0,67,68,68,68,68,68,68,68,68,68,68,68,68,68,68,68,68,
25,26,26,26,26,0,5,6,0,69,70,70,70,70,70,70,70,70,70,70,70,70,70,70,70,70,70,
25,26,26,26,26,0,5,6,0,71,72,72,72,72,72,72,72,72,72,72,72,72,72,72,72,
25,26,26,26,26,0,5,6,0,73,74,74,74,74,74,74,74,74,74,74,74,74,74,74,
25,26,26,26,26,0,5,6,0,75,76,76,76,76,76,76,76,76,76,76,76,76,76,
25,26,26,26,26,0,5,6,0,77,78,78,78,78,78,78,78,78,78,78,78,78,78,
25,26,26,26,26,0,5,6,0,79,80,80,80,80,80,80,80,80,80,80,80,80,80,80,80,80,
25,26,26,26,26,0,5,6,0,81,82,82,82,82,82,82,82,82,82,82,82,82,82,82,82,
25,26,26,26,26,0,5,6,0,81,82,82,82,82,82,82,82,82,82,82,82,82,82,82,82,
25,26,26,26,26,0,5,6,0,81,82,82,82,82,82,82,82,82,82,82,82,82,82,82,82,
25,26,26,26,26,0,5,6,0,83,84,84,84,84,84,84,84,84,84,84,84,84,84,84,84,84,
25,26,26,26,26,0,5,6,0,85,86,86,86,86,86,86,86,86,86,86,86,86,86,86,
25,26,26,26,26,0,5,6,0,45,46,46,46,46,46,46,46,46,46,46,46,46,46,
25,26,26,26,26,0,5,6,0,47,48,48,48,48,48,48,48,48,48,48,48,48,
25,26,26,26,26,0,5,6,0,49,50,50,50,50,50,50,50,50,50,50,50,50,
25,26,26,26,26,0,5,6,0,51,52,52,52,52,52,52,52,52,52,52,52,52,52,52,52,
25,26,26,26,26,0,5,6,0,53,54,54,54,54,54,54,54,54,54,54,54,54,54,54,
25,26,26,26,26,0,5,6,0,53,54,54,54,54,54,54,54,54,54,54,54,54,54,54,
25,26,26,26,26,0,5,6,0,53,54,54,54,54,54,54,54,54,54,54,54,54,54,54,
25,26,26,26,26,0,5,6,0,55,56,56,56,56,56,56,56,56,56,56,56,56,56,56,56,
25,26,26,26,26,0,5,6,0,57,58,58,58,58,58,58,58,58,58,58,58,58,58,58,58,58,
25,26,26,26,26,0,5,6,0,59,60,60,60,60,60,60,60,60,60,60,60,60,60,60,60,
25,26,26,26,26,0,5,6,0,61,62,62,62,62,62,62,62,62,62,62,62,62,62,62,
25,26,26,26,26,0,5,6,0,63,64,64,64,64,64,64,64,64,64,64,64,64,64,64,
25,26,26,26,26,0,5,6,0,65,66,66,66,66,66,66,66,66,66,66,66,66,66,66,66,66,66,
25,26,26,26,26,0,5,6,0,67,68,68,68,68,68,68,68,68,68,68,68,68,68,68,68,68,
25,26,26,26,26,0,5,6,0,67,68,68,68,68,68,68,68,68,68,68,68,68,68,68,68,68,
25,26,26,26,26,0,5,6,0,67,68,68,68,68,68,68,68,68,68,68,68,68,68,68,68,68,
25,26,26,26,26,0,5,6,0,69,70,70,70,70,70,70,70,70,70,70,70,70,70,70,70,70,70,
25,26,26,26,26,0,5,6,0,71,72,72,72,72,72,72,72,72,72,72,72,72,72,72,72,
25,26,26,26,26,0,5,6,0,73,74,74,74,74,74,74,74,74,74,74,74,74,74,74,
25,26,26,26,26,0,5,6,0,75,76,76,76,76,76,76,76,76,76,76,76,76,76,
25,26,26,26,26,0,5,6,0,77,78,78,78,78,78,78,78,78,78,78,78,78,78,
25,26,26,26,26,0,5,6,0,79,80,80,80,80,80,80,80,80,80,80,80,80,80,80,80,80,
25,26,26,26,26,0,5,6,0,81,82,82,82,82,82,82,82,82,82,82,82,82,82,82,82,
25,26,26,26,26,0,5,6,0,81,82,82,82,82,82,82,82,82,82,82,82,82,82,82,82,
25,26,26,26,26,0,5,6,0,81,82,82,82,82,82,82,82,82,82,82,82,82,82,82,82,
25,26,26,26,26,0,5,6,0,83,84,84,84,84,84,84,84,84,84,84,84,84,84,84,84,84,
25,26,26,26,26,0,5,6,0,87,88,88,88,88,88,88,
25,26,26,26,26,0,5,6,0,89,90,90,90,90,90,90,90,90,
25,26,26,26,26,0,5,6,0,43,44,44,44,44,44,44,44,
25,26,26,26,26,0,5,6,0,87,88,88,88,88,88,88,
25,26,26,26,26,0,5,6,0,89,90,90,90,90,90,90,90,90,
25,26,26,26,26,0,5,6,0,43,44,44,44,44,44,44,44,
